0,2011,325,0,0,0,0,10.15,1010,0,0,0,0,0,0,0,0,-0.043130,0,165.2,18.83,10.54,12.42,99.7,0,31.5
0,2011,325,1,0,0,0,10.12,1010,0,0,0,0,0,0,0,0,-0.086260,0,165.1,19.71,10.51,12.38,99.7,0,0
0,2011,325,2,0,0,0,10.12,1010,0,0,0,0,0,0,0,0,-0.043130,0,165.1,20.58,10.49,12.42,99.8,0,0
0,2011,325,3,0,0,0,10.12,1010,0,0,0,0,0,0,0,0,0,0,165,21.44,10.47,12.42,99.8,0,0
0,2011,325,4,0,0,0,10.12,1010,0,0,0,0,0,0,0,0,-0.086260,0,164.9,22.3,10.45,12.42,99.9,0,0
0,2011,325,5,0,0,0,10.15,1010,0,0,0,0,0,0,0,0,0,0,164.8,23.15,10.44,12.42,100,0,0
0,2011,325,6,0,0,0,10.15,1010,0,0,0,0,0,0,0,0,-0.043130,0,164.7,23.98,10.4,12.42,100,0,0
0,2011,325,7,0,0,0,10.15,1010,0,0,0,0,0,0,0,0,0,0,164.7,24.81,10.39,12.42,100,0,0
0,2011,325,8,0,0,0,10.17,1010,0,0,0,0,0,0,0,0,-0.043130,0,164.6,25.64,10.37,12.42,100,0,0
0,2011,325,9,0,0,0,10.2,1010,0,0,0,0,0,0,0,0,0,0,164.5,26.45,10.36,12.42,100,0,0
0,2011,325,10,0,0,0,10.15,1010,0,0,0,0,0,0,0,0,-0.043130,0,164.4,27.25,10.34,12.42,100,0,0
0,2011,325,11,0,0,0,10.12,1010,0,0,0,0,0,0,0,0,-0.043130,0,164.3,28.05,10.31,12.42,100,0,0
0,2011,325,12,0,0,0,10.16,1010,0,0,0,0,0,0,0,0,0,0,164.2,28.83,10.3,12.42,100,0,0
0,2011,325,13,0,0,0,10.19,1010,0,0,0,0,0,0,0,0,-0.043130,0,164.1,29.61,10.29,12.42,100,0,0
0,2011,325,14,0,0,0,10.13,1010,0,0,0,0,0,0,0,0,0,0,164,30.38,10.27,12.42,100,0,0
0,2011,325,15,0,0,0,10.11,1010,0,0,0,0,0,0,0,0,0,0,163.9,31.14,10.26,12.42,100,0,0
0,2011,325,16,0,0,0,10.14,1010,0,0,0,0,0,0,0,0,0,0,163.8,31.89,10.23,12.41,100,0,0
0,2011,325,17,0,0,0,10.16,1010,0,0,0,0,0,0,0,0,-0.129390,0,163.7,32.63,10.22,12.42,100,0,0
0,2011,325,18,0,0,0,10.22,1010,0,0,0,0,0,0,0,0,0,0,163.6,33.36,10.2,12.42,100,0,0
0,2011,325,19,0,0,0,10.23,1010,0,0,0,0,0,0,0,0,-0.043130,0,163.4,34.08,10.18,12.42,100,0,0
0,2011,325,20,0,0,0,10.19,1010,0,0,0,0,0,0,0,0,0,0,163.3,34.79,10.17,12.42,100,0,0
0,2011,325,21,0,0,0,10.16,1010,0,0,0,0,0,0,0,0,-0.043130,0,163.2,35.5,10.14,12.42,100,0,0
0,2011,325,22,0,0,0,10.13,1010,0,0,0,0,0,0,0,0,0,0,163.1,36.19,10.13,12.42,100,0,0
0,2011,325,23,0,0,0,10.06,1010,0,0,0,0,0,0,0,0,-0.129390,0,163,36.87,10.12,12.42,100,0,0
0,2011,325,24,0,0,0,9.95,1010,0,0,0,0,0,0,0,0,0,0,162.8,37.55,10.1,12.42,100,0,0
0,2011,325,25,0,0,0,9.86,1010,0,0,0,0,0,0,0,0,0,0,162.7,38.22,10.09,12.42,100,0,0
0,2011,325,26,0,0,0,9.75,1010,0.055,37.06,1.067,0.164,0.547,0,0,0,-0.043130,0,162.6,38.88,10.08,12.42,100,0,0
0,2011,325,27,0,0,0,9.65,1010,0.506,36.81,3.224,0.178,0.814,0,0,0,-0.043130,0,162.4,39.53,10.04,12.41,100,0,0
0,2011,325,28,0,0,0,9.55,1010,0.787,33.31,5.04,0.166,1.08,0,0,0,-0.043130,0,162.3,40.17,10.03,12.42,100,0,0
0,2011,325,29,0,0,0,9.46,1010,0.546,35.99,3.898,0.21,0.814,0,0,0,-0.043130,0,162.2,40.8,10.02,12.42,100,0,0
0,2011,325,30,0,0,0,9.4,1010,0.721,33.76,5.946,0.174,1.08,0,0,0,-0.043130,0,162,41.42,10,12.42,100,0,0
0,2011,325,31,0,0,0,9.3,1010,0.8,37.61,6.705,0.178,1.08,0,0,0,0,0,161.9,42.04,9.97,12.38,100,0,0
0,2011,325,32,0,0,0,9.2,1010,0.867,35.09,4.693,0.16,1.08,0,0,0,-0.086260,0,161.8,42.65,9.95,12.42,100,0,0
0,2011,325,33,0,0,0,9.14,1010,0.84,30.27,5.674,0.08,1.08,0,0,0,0,0,161.6,43.25,9.94,12.42,100,0,0
0,2011,325,34,0,0,0,9.11,1010,0.721,27.39,4.809,0.127,0.814,0,0,0,0,0,161.5,43.84,9.91,12.42,100,0,0
0,2011,325,35,0,0,0,9.07,1010,0.598,25.89,4.814,0.279,0.814,0,0,0,0,0,161.3,44.42,9.9,12.42,100,0,0
0,2011,325,36,0,0,0,9.06,1010,0.274,28.58,1.479,0.274,0.547,0,0,0,-0.086260,0,161.2,44.99,9.86,12.42,100,0,0
0,2011,325,37,0,0,0,9.04,1010,0.356,26.42,2.342,0.261,0.547,0,0,0,0,0,161,45.56,9.85,12.42,100,0,0
0,2011,325,38,0,0,0,9.04,1010,0.437,21.42,3.194,0.264,0.814,0,0,0,-0.043130,0,160.9,46.12,9.82,12.42,100,0,0
0,2011,325,39,0,0,0,9.03,1010,0.573,18.64,4.742,0.169,0.814,0,0,0,-0.043130,0,160.7,46.67,9.8,12.42,100,0,0
0,2011,325,40,0,0,0,9.09,1010,0.192,16.77,2.531,0.261,0.547,0,0,0,-0.086260,0,160.6,47.21,9.77,12.42,100,0,0
0,2011,325,41,0,0,0,9.12,1010,0,0,0,0,0,0,0,0,-0.043130,0,160.4,47.75,9.76,12.42,100,0,0
0,2011,325,42,0,0,0,9.21,1010,0,0,0,0,0,0,0,0,0,0,160.3,48.28,9.74,12.42,100,0,0
0,2011,325,43,0,0,0,9.31,1010,0,0,0,0,0,0,0,0,0,0,160.1,48.8,9.72,12.41,100,0,0
0,2011,325,44,0,0,0,9.45,1010,0.027,38.19,0.004,0.119,0.547,0,0,0,-0.086260,0,160,49.31,9.69,12.41,100,0,0
0,2011,325,45,0,0,0,9.53,1010,0.027,14.83,0,0.119,0.547,0,0,0,0,0,159.8,49.82,9.68,12.41,100,0,0
0,2011,325,46,0,0,0,9.54,1010,0.246,5.302,8.57,0.272,0.547,0,0,0,-0.043130,0,159.7,50.32,9.67,12.41,100,0,0
0,2011,325,47,0,0,0,9.53,1010,0.082,358.1,3.812,0.195,0.547,0,0,0,0,0,159.5,50.81,9.65,12.41,100,0,0
0,2011,325,48,0,0,0,9.53,1010,0,0,0,0,0,0,0,0,0,0,159.3,51.3,9.64,12.41,100,0,0
0,2011,325,49,0,0,0,9.55,1010,0,0,0,0,0,0,0,0,-0.086260,0,159.2,51.78,9.62,12.41,100,0,0
0,2011,325,50,0,0,0,9.65,1010,0,0,0,0,0,0,0,0,0,0,159,52.25,9.59,12.41,100,0,0
0,2011,325,51,0,0,0,9.74,1010,0,0,0,0,0,0,0,0,-0.043130,0,158.8,52.72,9.59,12.41,100,0,0
0,2011,325,52,0,0,0,9.71,1010,0,0,0,0,0,0,0,0,-0.043130,0,158.7,53.18,9.58,12.41,100,0,0
0,2011,325,53,0,0,0,9.72,1010,0,0,0,0,0,0,0,0,0,0,158.5,53.64,9.56,12.41,100,0,0
0,2011,325,54,0,0,0,9.75,1010,0,0,0,0,0,0,0,0,-0.043130,0,158.3,54.09,9.55,12.41,100,0,0
0,2011,325,55,0,0,0,9.69,1010,0,0,0,0,0,0,0,0,-0.043130,0,158.2,54.53,9.54,12.41,100,0.254,0.254
0,2011,325,56,0,0,0,9.64,1010,0,0,0,0,0,0,0,0,0,0,158,54.97,9.51,12.4,100,0,0.254
0,2011,325,57,0,0,0,9.63,1010,0,0,0,0,0,0,0,0,0,0,157.8,55.4,9.5,12.4,100,0,0.254
0,2011,325,58,0,0,0,9.6,1010,0,0,0,0,0,0,0,0,-0.043130,0,157.7,55.83,9.48,12.41,100,0,0.254
0,2011,325,59,0,0,0,9.51,1010,0.137,31.64,9.57,0.237,0.547,0,0,0,0,0,157.5,56.25,9.47,12.41,100,0,0.254
0,2011,325,100,0,0,0,9.45,1010,0.479,11.78,11.61,0.209,0.814,0,0,0,0,0,157.3,56.66,9.46,12.41,100,0,0.254
0,2011,325,101,0,0,0,9.42,1010,0.382,16.81,6.642,0.291,0.814,0,0,0,0,0,157.1,57.07,9.45,12.37,100,0,0.254
0,2011,325,102,0,0,0,9.36,1010,0.519,16.26,9.19,0.241,0.814,0,0,0,-0.043130,0,157,57.48,9.44,12.41,100,0,0.254
0,2011,325,103,0,0,0,9.28,1010,0.667,19.07,8.23,0.217,1.08,0,0,0,-0.129390,0,156.8,57.88,9.41,12.41,100,0,0.254
0,2011,325,104,0,0,0,9.19,1010,0.827,21.84,9.76,0.132,1.08,0,0,0,-0.043130,0,156.6,58.27,9.41,12.41,100,0,0.254
0,2011,325,105,0,0,0,9.12,1010,0.934,24.48,5.193,0.157,1.08,0,0,0,0,0,156.4,58.66,9.39,12.41,100,0,0.254
0,2011,325,106,0,0,0,9.09,1010,0.547,29.57,6.878,0,0.547,0,0,0,-0.043130,0,156.3,59.05,9.38,12.41,100,0,0.254
0,2011,325,107,0,0,0,9.04,1010,0.411,29.78,4.606,0.237,0.547,0,0,0,0,0,156.1,59.43,9.37,12.41,100,0,0.254
0,2011,325,108,0,0,0,9.05,1010,0.027,105.6,0,0.119,0.547,0,0,0,0,0,155.9,59.8,9.36,12.41,100,0,0.254
0,2011,325,109,0,0,0,9.42,1010,0,0,0,0,0,0,0,0,0,0,155.7,60.17,9.33,12.41,100,0,0.254
0,2011,325,110,0,0,0,9.71,1010,0,0,0,0,0,0,0,0,0,0,155.6,60.54,9.32,12.41,100,0,0.254
0,2011,325,111,0,0,0,9.75,1010,0,0,0,0,0,0,0,0,0,0,155.4,60.9,9.32,12.41,100,0,0.254
0,2011,325,112,0,0,0,9.75,1010,0.366,45.02,3.752,0.422,1.08,0,0,0,-0.043130,0,155.2,61.26,9.31,12.41,100,0,0.254
0,2011,325,113,0,0,0,9.7,1010,0.19,54.37,3.706,0.344,1.08,0,0,0,0,0,155,61.61,9.3,12.41,100,0,0.254
0,2011,325,114,0,0,0,9.59,1010,0.055,30.58,1.983,0.164,0.547,0,0,0,-0.086260,0,154.8,61.96,9.29,12.41,100,0,0.254
0,2011,325,115,0,0,0,9.46,1010,0.164,25.17,5.227,0.251,0.547,0,0,0,0,0,154.6,62.31,9.28,12.41,100,0,0.254
0,2011,325,116,0,0,0,9.38,1010,0.192,5.389,9.68,0.261,0.547,0,0,0,-0.043130,0,154.5,62.65,9.27,12.41,100,0,0.254
0,2011,325,117,0,0,0,9.31,1010,0.137,337.3,6.078,0.237,0.547,0,0,0,-0.043130,0,154.3,62.99,9.24,12.41,100,0,0.254
0,2011,325,118,0,0,0,9.38,1010,0.055,325.7,1.082,0.164,0.547,0,0,0,0,0,154.1,63.32,9.24,12.41,100,0,0.254
0,2011,325,119,0,0,0,9.5,1010,0.231,11.57,12.7,0.367,1.08,0,0,0,-0.043130,0,153.9,63.65,9.24,12.41,100,0,0.254
0,2011,325,120,0,0,0,9.46,1010,0.84,23.77,16.11,0.316,1.346,0,0,0,-0.043130,0,153.7,63.98,9.22,12.4,100,0,0.254
0,2011,325,121,0,0,0,9.39,1010,1.227,14.39,12.71,0.178,1.613,0,0,0,0,0,153.5,64.3,9.21,12.41,100,0,0.254
0,2011,325,122,0,0,0,9.34,1010,1.32,18.98,6.295,0.166,1.613,0,0,0,0,0,153.3,64.62,9.2,12.41,100,0,0.254
0,2011,325,123,0,0,0,9.26,1010,1.28,19.82,8.84,0.186,1.613,0,0,0,-0.043130,0,153.2,64.93,9.19,12.41,100,0,0.254
0,2011,325,124,0,0,0,9.21,1010,1.36,18.57,10.04,0.132,1.613,0,0,0,-0.086260,0,153,65.24,9.18,12.41,100,0,0.254
0,2011,325,125,0,0,0,9.16,1010,1.679,16.28,7.005,0.186,2.145,0,0,0,-0.086260,0,152.8,65.55,9.17,12.41,100,0,0.254
0,2011,325,126,0,0,0,9.14,1010,1.36,17.39,11.81,0.157,1.613,0,0,0,-0.086260,0,152.6,65.86,9.16,12.41,100,0,0.254
0,2011,325,127,0,0,0,9.19,1010,1.36,16.01,12.34,0.157,1.613,0,0,0,-0.086260,0,152.4,66.16,9.15,12.4,100,0,0.254
0,2011,325,128,0,0,0,9.19,1010,1.493,2.353,24.96,0.417,2.145,0,0,0,0,0,152.2,66.46,9.15,12.4,100,0,0.254
0,2011,325,129,0,0,0,9.22,1010,1.147,11.08,21.55,0.236,1.613,0,0,0,0,0,152,66.75,9.13,12.4,100,0,0.254
0,2011,325,130,0,0,0,9.27,1010,1.48,16.14,9.85,0.158,1.879,0,0,0,-0.086260,0,151.8,67.04,9.12,12.4,100,0,0.254
0,2011,325,131,0,0,0,9.28,1010,1.48,21.98,8.13,0.231,2.145,0,0,0,-0.043130,0,151.6,67.33,9.12,12.36,100,0,0.254
0,2011,325,132,0,0,0,9.32,1010,1.346,24.05,8.83,0.146,1.613,0,0,0,-0.043130,0,151.5,67.62,9.11,12.4,100,0,0.254
0,2011,325,133,0,0,0,9.29,1010,1.506,20.85,9.82,0.196,1.879,0,0,0,0,0,151.3,67.9,9.1,12.4,100,0,0.254
0,2011,325,134,0,0,0,9.23,1010,1.599,24.39,8.75,0.197,2.145,0,0,0,0,0,151.1,68.19,9.1,12.4,100,0,0.254
0,2011,325,135,0,0,0,9.18,1010,1.613,29.22,11.17,0.206,1.879,0,0,0,0,0,150.9,68.46,9.1,12.4,100,0,0.254
0,2011,325,136,0,0,0,9.13,1010,1.786,25.49,10.32,0.242,2.145,0,0,0,-0.043130,0,150.7,68.74,9.09,12.41,100,0,0.254
0,2011,325,137,0,0,0,9.11,1010,2.119,26.3,8.96,0.166,2.412,0,0,0,-0.043130,0,150.5,69.01,9.08,12.4,100,0,0.254
0,2011,325,138,0,0,0,9.13,1010,1.866,27.59,9.38,0.331,2.678,0,0,0,0,0,150.3,69.28,9.07,12.4,100,0,0.254
0,2011,325,139,0,0,0,9.1,1010,1.906,26.78,5.72,0.325,2.412,0,0,0,-0.086260,0,150.1,69.55,9.06,12.4,100,0,0.254
0,2011,325,140,0,0,0,9.06,1010,1.693,19.75,7.925,0.208,1.879,0,0,0,-0.043130,0,149.9,69.81,9.06,12.4,100,0,0.254
0,2011,325,141,0,0,0,9.04,1010,1.813,20.38,7.028,0.186,2.145,0,0,0,0,0,149.7,70.07,9.06,12.4,100,0,0.254
0,2011,325,142,0,0,0,9.03,1010,1.386,23.27,9.65,0.174,1.613,0,0,0,-0.043130,0,149.5,70.33,9.05,12.4,100,0,0.254
0,2011,325,143,0,0,0,9,1010,1.413,15.31,8.52,0.314,1.879,0,0,0,0,0,149.3,70.59,9.03,12.4,100,0,0.254
0,2011,325,144,0,0,0,8.99,1010,1.52,21.89,5.822,0.27,1.879,0,0,0,0,0,149.1,70.85,9.03,12.4,100,0,0.254
0,2011,325,145,0,0,0,8.98,1010,1.453,26.83,7.898,0.177,1.879,0,0,0,0,0,148.9,71.1,9.01,12.4,100,0,0.254
0,2011,325,146,0,0,0,8.98,1010,1.306,22.91,8.99,0.152,1.613,0,0,0,0,0,148.7,71.35,9.01,12.4,100,0,0.254
0,2011,325,147,0,0,0,8.96,1010,1.546,35.6,8.62,0.251,2.145,0,0,0,0,0,148.5,71.6,9.01,12.4,100,0,0.254
0,2011,325,148,0,0,0,8.94,1010,1.626,39.69,8.11,0.214,1.879,0,0,0,0,0,148.3,71.84,8.99,12.4,100,0,0.254
0,2011,325,149,0,0,0,8.9,1010,1.706,37.79,9.82,0.227,2.412,0,0,0,-0.043130,0,148.1,72.09,8.99,12.4,100,0,0.254
0,2011,325,150,0,0,0,8.89,1010,1.706,39.48,7.938,0.27,2.145,0,0,0,0,0,147.9,72.33,8.99,12.4,100,0,0.254
0,2011,325,151,0,0,0,8.91,1010,1.679,44.88,6.508,0.221,2.145,0,0,0,0,0,147.7,72.57,8.97,12.4,100,0,0.254
0,2011,325,152,0,0,0,8.94,1010,1.453,41.91,9.61,0.258,2.145,0,0,0,0,0,147.5,72.8,8.97,12.39,100,0,0.254
0,2011,325,153,0,0,0,8.95,1010,1.493,36.13,10.54,0.214,1.879,0,0,0,0,0,147.4,73.04,8.97,12.4,100,0,0.254
0,2011,325,154,0,0,0,8.95,1010,1.506,40.43,9.3,0.196,1.879,0,0,0,-0.086260,0,147.2,73.27,8.94,12.4,100,0,0.254
0,2011,325,155,0,0,0,8.94,1010,1.599,39.94,8.48,0.157,1.879,0,0,0,0,0,147,73.51,8.94,12.4,100,0,0.254
0,2011,325,156,0,0,0,8.94,1010,1.253,32.43,9.96,0.242,1.613,0,0,0,-0.043130,0,146.8,73.73,8.93,12.4,100,0,0.254
0,2011,325,157,0,0,0,8.93,1010,1.093,53.78,12.61,0.132,1.346,0,0,0,0,0,146.6,73.96,8.92,12.39,100,0,0.254
0,2011,325,158,0,0,0,8.92,1010,1.32,54.81,10.67,0.143,1.613,0,0,0,-0.043130,0,146.4,74.19,8.92,12.4,100,0,0.254
0,2011,325,159,0,0,0,8.97,1010,1.44,58.66,12.05,0.152,1.613,0,0,0,-0.043130,0,146.2,74.41,8.91,12.4,100,0,0.254
0,2011,325,200,0,0,0,8.95,1010,1.719,52.18,8.07,0.39,2.412,0,0,0,0,0,146,74.63,8.9,12.4,100,0,0.254
0,2011,325,201,0,0,0,8.94,1010,1.573,62.73,10.05,0.242,2.145,0,0,0,-0.043130,0,145.8,74.85,8.89,12.36,100,0,0.254
0,2011,325,202,0,0,0,8.95,1010,1.586,66.12,9.74,0.221,1.879,0,0,0,0,0,145.6,75.07,8.88,12.4,100,0,0.254
0,2011,325,203,0,0,0,8.95,1010,1.453,61.65,7.893,0.196,1.879,0,0,0,0,0,145.4,75.29,8.88,12.4,100,0,0.254
0,2011,325,204,0,0,0,8.99,1010,1.613,59.93,9.45,0.188,1.879,0,0,0,-0.043130,0,145.2,75.5,8.88,12.4,100,0,0.254
0,2011,325,205,0,0,0,8.98,1010,1.533,63.29,11.1,0.24,2.145,0,0,0,0,0,145,75.72,8.88,12.4,100,0,0.254
0,2011,325,206,0,0,0,9.01,1010,1.333,64.48,10.89,0.132,1.613,0,0,0,-0.086260,0,144.8,75.93,8.87,12.4,100,0,0.254
0,2011,325,207,0,0,0,9.11,1010,1.333,64.56,17.59,0.245,1.879,0,0,0,0,0,144.6,76.14,8.86,12.4,100,0,0.254
0,2011,325,208,0,0,0,9.16,1010,1.093,63.95,15.66,0.178,1.346,0,0,0,0,0,144.4,76.35,8.84,12.4,100,0,0.254
0,2011,325,209,0,0,0,9.13,1010,1.32,61.76,11.11,0.143,1.613,0,0,0,-0.043130,0,144.2,76.56,8.83,12.4,100,0,0.254
0,2011,325,210,0,0,0,9.1,1010,1.2,53.45,11.92,0.197,1.613,0,0,0,-0.086260,0,143.9,76.76,8.83,12.4,100,0,0.254
0,2011,325,211,0,0,0,9.08,1010,1.027,35.57,11.9,0.181,1.346,0,0,0,0,0,143.7,76.97,8.83,12.4,100,0,0.254
0,2011,325,212,0,0,0,9.06,1010,0.814,38.81,8.26,0.188,1.08,0,0,0,0,0,143.5,77.17,8.83,12.4,100,0,0.254
0,2011,325,213,0,0,0,8.99,1010,0.774,345.3,46.46,0.127,1.08,0,0,0,-0.086260,0,143.3,77.37,8.82,12.4,100,0,0.254
0,2011,325,214,0,0,0,8.97,1010,0.654,284.8,15.84,0.13,0.814,0,0,0,0,0,143.1,77.57,8.81,12.4,100,0,0.254
0,2011,325,215,0,0,0,9.1,1010,0.027,317.1,0,0.119,0.547,0,0,0,0,0,142.9,77.77,8.8,12.4,100,0,0.254
0,2011,325,216,0,0,0,9.1,1010,0,0,0,0,0,0,0,0,0,0,142.7,77.97,8.79,12.4,100,0,0.254
0,2011,325,217,0,0,0,9.11,1010,0.027,293.3,0,0.119,0.547,0,0,0,0,0,142.5,78.16,8.79,12.4,100,0,0.254
0,2011,325,218,0,0,0,9.1,1010,0.055,275.1,3.614,0.164,0.547,0,0,0,0,0,142.3,78.36,8.79,12.4,100,0,0.254
0,2011,325,219,0,0,0,9.08,1010,0.109,246.1,5.513,0.219,0.547,0,0,0,0,0,142.1,78.55,8.78,12.4,100,0,0.254
0,2011,325,220,0,0,0,9.11,1010,0,0,0,0,0,0,0,0,0,0,141.9,78.74,8.77,12.4,100,0,0.254
0,2011,325,221,0,0,0,9.15,1010,0,0,0,0,0,0,0,0,-0.086260,0,141.7,78.93,8.77,12.39,100,0,0.254
0,2011,325,222,0,0,0,9.18,1010,0,0,0,0,0,0,0,0,-0.043130,0,141.5,79.12,8.77,12.39,100,0,0.254
0,2011,325,223,0,0,0,9.18,1010,0.411,239.7,6.323,0.237,0.547,0,0,0,0,0,141.3,79.31,8.76,12.39,100,0,0.254
0,2011,325,224,0,0,0,9.19,1010,0.438,257.9,8.11,0.219,0.547,0,0,0,-0.043130,0,141.1,79.5,8.75,12.39,100,0,0.254
0,2011,325,225,0,0,0,9.18,1010,0.027,290.3,0,0.119,0.547,0,0,0,0,0,140.9,79.69,8.75,12.39,100,0,0.254
0,2011,325,226,0,0,0,9.14,1010,0,0,0,0,0,0,0,0,0,0,140.7,79.87,8.75,12.39,100,0,0.254
0,2011,325,227,0,0,0,9.05,1010,0,0,0,0,0,0,0,0,-0.043130,0,140.5,80.1,8.75,12.39,100,0,0.254
0,2011,325,228,0,0,0,8.98,1010,0,0,0,0,0,0,0,0,-0.086260,0,140.3,80.2,8.75,12.39,100,0,0.254
0,2011,325,229,0,0,0,9.03,1010,0.055,89.1,0.605,0.164,0.547,0,0,0,0,0,140.1,80.4,8.73,12.39,100,0,0.254
0,2011,325,230,0,0,0,9.05,1010,0,0,0,0,0,0,0,0,0,0,139.9,80.6,8.72,12.39,100,0,0.254
0,2011,325,231,0,0,0,8.99,1010,0,0,0,0,0,0,0,0,-0.086260,0,139.7,80.8,8.71,12.33,100,0,0.254
0,2011,325,232,0,0,0,8.94,1010,0.192,357,6.288,0.261,0.547,0,0,0,0,0,139.5,81,8.7,12.39,100,0,0.254
0,2011,325,233,0,0,0,8.9,1010,0.437,281.1,31.8,0.264,0.814,0,0,0,-0.086260,0,139.3,81.1,8.7,12.39,100,0,0.254
0,2011,325,234,0,0,0,8.95,1010,0.027,262.5,0,0.119,0.547,0,0,0,0,0,139.1,81.3,8.7,12.39,100,0,0.254
0,2011,325,235,0,0,0,8.97,1010,0,0,0,0,0,0,0,0,0,0,138.9,81.5,8.7,12.39,100,0,0.254
0,2011,325,236,0,0,0,8.96,1010,0,0,0,0,0,0,0,0,-0.043130,0,138.7,81.7,8.68,12.39,100,0,0.254
0,2011,325,237,0,0,0,8.95,1010,0.055,168.5,6.979,0.164,0.547,0,0,0,0,0,138.5,81.8,8.68,12.39,100,0,0.254
0,2011,325,238,0,0,0,8.95,1010,0.055,237.7,12.09,0.164,0.547,0,0,0,0,0,138.2,82,8.67,12.39,100,0,0.254
0,2011,325,239,0,0,0,8.94,1010,0,0,0,0,0,0,0,0,-0.086260,0,138,82.2,8.66,12.39,100,0,0.254
0,2011,325,240,0,0,0,8.92,1010,0,0,0,0,0,0,0,0,0,0,137.8,82.4,8.66,12.39,100,0,0.254
0,2011,325,241,0,0,0,8.89,1010,0,0,0,0,0,0,0,0,0,0,137.6,82.5,8.65,12.39,100,0,0.254
0,2011,325,242,0,0,0,8.81,1010,0,0,0,0,0,0,0,0,-0.086260,0,137.4,82.7,8.63,12.39,100,0,0.254
0,2011,325,243,0,0,0,8.78,1010,0.827,342.8,30.23,0.178,1.08,0,0,0,-0.086260,0,137.2,82.9,8.63,12.39,100,0,0.254
0,2011,325,244,0,0,0,8.7,1010,0.721,359.3,18.29,0.152,1.08,0,0,0,-0.043130,0,137,83,8.61,12.39,100,0,0.254
0,2011,325,245,0,0,0,8.65,1010,0.8,4.21,26.36,0.102,1.08,0,0,0,-0.086260,0,136.8,83.2,8.61,12.39,100,0,0.254
0,2011,325,246,0,0,0,8.62,1010,0.814,18.76,5.655,0.146,1.08,0,0,0,-0.043130,0,136.6,83.4,8.61,12.39,100,0,0.254
0,2011,325,247,0,0,0,8.58,1010,0.787,15.63,7.511,0.08,0.814,0,0,0,-0.043130,0,136.4,83.5,8.6,12.39,100,0,0.254
0,2011,325,248,0,0,0,8.51,1010,0.827,6.926,12.98,0.102,1.08,0,0,0,-0.043130,0,136.2,83.7,8.59,12.39,100,0,0.254
0,2011,325,249,0,0,0,8.48,1010,0.721,15.01,10.33,0.127,0.814,0,0,0,0,0,136,83.8,8.58,12.39,100,0,0.254
0,2011,325,250,0,0,0,8.42,1010,0.465,3.003,6.844,0.245,0.814,0,0,0,0,0,135.8,84,8.57,12.39,100,0,0.254
0,2011,325,251,0,0,0,8.37,1010,0.613,359.8,11.21,0.188,0.814,0,0,0,-0.043130,0,135.6,84.2,8.56,12.39,100,0,0.254
0,2011,325,252,0,0,0,8.35,1010,0.328,352.3,12.85,0.268,0.547,0,0,0,-0.043130,0,135.4,84.3,8.55,12.39,100,0,0.254
0,2011,325,253,0,0,0,8.33,1010,0.027,74.47,0,0.119,0.547,0,0,0,0,0,135.2,84.5,8.54,12.39,100,0,0.254
0,2011,325,254,0,0,0,8.38,1010,0,0,0,0,0,0,0,0,0,0,135,84.7,8.52,12.42,100,0,0.254
0,2011,325,255,0,0,0,8.47,1010,0,0,0,0,0,0,0,0,-0.043131,0,134.7,84.8,8.5,12.39,100,0,0.254
0,2011,325,256,0,0,0,8.49,1010,0.219,41.4,4.772,0.268,0.547,0,0,0,0,0,134.5,85,8.5,12.36,100,0,0.254
0,2011,325,257,0,0,0,8.45,1010,0.627,17.5,15.17,0.21,1.08,0,0,0,-0.086261,0,134.3,85.1,8.48,12.38,100,0,0.254
0,2011,325,258,0,0,0,8.39,1010,1.04,25.48,7.687,0.152,1.346,0,0,0,0,0,134.1,85.3,8.48,12.39,100,0,0.254
0,2011,325,259,0,0,0,8.35,1010,0.854,28.51,6.94,0.127,1.08,0,0,0,0,0,133.9,85.4,8.47,12.38,100,0,0.254
0,2011,325,300,0,0,0,8.28,1010,0.787,18.73,16.19,0.143,1.08,0,0,0,0,0,133.7,85.6,8.46,12.38,100,0,0.254
0,2011,325,301,0,0,0,8.2,1010,0.947,27.9,10.23,0.133,1.08,0,0,0,0,0,133.5,85.8,8.45,12.35,100,0,0.254
0,2011,325,302,0,0,0,8.13,1010,1.107,12.33,13.37,0.251,1.613,0,0,0,-0.043131,0,133.3,85.9,8.44,12.39,100,0,0.254
0,2011,325,303,0,0,0,8.09,1010,1.067,4.858,11.45,0.157,1.346,0,0,0,0,0,133.1,86.1,8.42,12.39,100,0,0.254
0,2011,325,304,0,0,0,8.07,1010,0.88,19.91,8.61,0.115,1.08,0,0,0,0,0,132.9,86.2,8.4,12.39,100,0,0.254
0,2011,325,305,0,0,0,8.12,1010,0.88,26.9,14.53,0.115,1.08,0,0,0,0,0,132.7,86.4,8.39,12.39,100,0,0.254
0,2011,325,306,0,0,0,8.17,1010,1.213,32.93,13.71,0.231,1.613,0,0,0,0,0,132.5,86.5,8.39,12.39,100,0,0.254
0,2011,325,307,0,0,0,8.26,1010,1.44,35.39,12.26,0.193,1.879,0,0,0,0,0,132.3,86.7,8.37,12.39,100,0,0.254
0,2011,325,308,0,0,0,8.27,1010,1.52,39.59,9.62,0.152,1.879,0,0,0,-0.086262,0,132.1,86.8,8.36,12.39,100,0,0.254
0,2011,325,309,0,0,0,8.25,1010,1.293,34.92,7.205,0.16,1.613,0,0,0,-0.043131,0,131.9,87,8.35,12.38,100,0,0.254
0,2011,325,310,0,0,0,8.25,1010,1.36,25.13,10.77,0.297,1.879,0,0,0,0,0,131.6,87.1,8.35,12.38,100,0,0.254
0,2011,325,311,0,0,0,8.22,1010,1.453,22.14,10.91,0.196,1.879,0,0,0,0,0,131.4,87.3,8.33,12.38,100,0,0.254
0,2011,325,312,0,0,0,8.24,1010,1.586,20.27,11.97,0.186,1.879,0,0,0,0,0,131.2,87.4,8.31,12.38,100,0,0.254
0,2011,325,313,0,0,0,8.26,1010,1.653,11.25,16.85,0.193,1.879,0,0,0,-0.043131,0,131,87.6,8.3,12.38,100,0,0.254
0,2011,325,314,0,0,0,8.31,1010,1.706,20.67,19.76,0.174,1.879,0,0,0,-0.043131,0,130.8,87.7,8.3,12.38,100,0,0.254
0,2011,325,315,0,0,0,8.36,1010,1.706,19.28,16.03,0.211,2.145,0,0,0,0,0,130.6,87.9,8.29,12.38,100,0,0.254
0,2011,325,316,0,0,0,8.38,1010,1.626,38.97,13.41,0.157,1.879,0,0,0,-0.043131,0,130.4,88,8.28,12.38,100,0,0.254
0,2011,325,317,0,0,0,8.38,1010,1.48,35.72,10.35,0.133,1.613,0,0,0,0,0,130.2,88.1,8.27,12.38,100,0,0.254
0,2011,325,318,0,0,0,8.38,1010,1.679,35.16,10.52,0.186,2.145,0,0,0,0,0,130,88.3,8.26,12.38,100,0,0.254
0,2011,325,319,0,0,0,8.39,1010,1.56,39.65,16.5,0.232,1.879,0,0,0,0,0,129.8,88.4,8.26,12.38,100,0,0.254
0,2011,325,320,0,0,0,8.4,1010,1.546,26.37,12.63,0.166,1.879,0,0,0,0,0,129.6,88.6,8.26,12.38,100,0,0.254
0,2011,325,321,0,0,0,8.38,1010,1.613,24.2,11.53,0.279,2.145,0,0,0,-0.043131,0,129.4,88.7,8.25,12.38,100,0,0.254
0,2011,325,322,0,0,0,8.37,1010,1.12,22.13,28.34,0.242,1.613,0,0,0,0,0,129.2,88.9,8.23,12.38,100,0,0.254
0,2011,325,323,0,0,0,8.47,1010,0.706,346.4,19.17,0.231,1.08,0,0,0,0,0,129,89,8.23,12.38,100,0,0.254
0,2011,325,324,0,0,0,8.56,1010,0.761,19.17,19.46,0.199,1.08,0,0,0,0,0,128.7,89.2,8.21,12.38,100,0,0.254
0,2011,325,325,0,0,0,8.58,1010,0.601,18.13,19.56,0.136,1.08,0,0,0,-0.043131,0,128.5,89.3,8.21,12.38,100,0,0.254
0,2011,325,326,0,0,0,8.53,1010,1.133,19.25,17.84,0.136,1.346,0,0,0,0,0,128.3,89.4,8.21,12.38,100,0,0.254
0,2011,325,327,0,0,0,8.46,1010,1.014,19.11,22.83,0.166,1.346,0,0,0,0,0,128.1,89.6,8.21,12.37,100,0,0.254
0,2011,325,328,0,0,0,8.4,1010,1.093,353.8,25.15,0.214,1.346,0,0,0,0,0,127.9,89.7,8.21,12.38,100,0,0.254
0,2011,325,329,0,0,0,8.5,1010,0.693,0.404,52.91,0.232,1.08,0,0,0,-0.129392,0,127.7,89.9,8.2,12.38,100,0,0.254
0,2011,325,330,0,0,0,8.67,1010,1.014,44.38,12.08,0.278,1.613,0,0,0,0,0,127.5,90,8.19,12.38,100,0,0.254
0,2011,325,331,0,0,0,8.75,1010,1.44,46.64,16.7,0.256,1.879,0,0,0,-0.043131,0,127.3,90.1,8.19,12.32,100,0,0.254
0,2011,325,332,0,0,0,8.74,1010,0.8,57.23,16.65,0.178,1.08,0,0,0,0,0,127.1,90.3,8.19,12.38,100,0,0.254
0,2011,325,333,0,0,0,8.79,1010,0.894,53.8,15.62,0.24,1.346,0,0,0,-0.043131,0,126.9,90.4,8.19,12.38,100,0,0.254
0,2011,325,334,0,0,0,8.8,1010,1.2,54.71,9.89,0.157,1.613,0,0,0,0,0,126.7,90.6,8.19,12.38,100,0,0.254
0,2011,325,335,0,0,0,8.81,1010,1.56,47.72,7.689,0.199,1.879,0,0,0,0,0,126.5,90.7,8.2,12.38,100,0,0.254
0,2011,325,336,0,0,0,8.73,1010,1.972,52.86,8.72,0.211,2.412,0,0,0,0,0,126.3,90.8,8.2,12.38,100,0,0.254
0,2011,325,337,0,0,0,8.64,1010,2.092,50.77,8.31,0.247,2.412,0,0,0,-0.043131,0,126.1,91,8.2,12.38,100,0,0.254
0,2011,325,338,0,0,0,8.62,1010,1.919,50.67,10.18,0.211,2.412,0,0,0,0,0,125.8,91.1,8.19,12.38,100,0,0.254
0,2011,325,339,0,0,0,8.57,1010,1.719,48.11,11.17,0.13,1.879,0,0,0,0,0,125.6,91.2,8.2,12.38,100,0,0.254
0,2011,325,340,0,0,0,8.55,1010,1.626,49.34,10.23,0.132,1.879,0,0,0,0,0,125.4,91.4,8.19,12.38,100,0,0.254
0,2011,325,341,0,0,0,8.49,1010,1.599,49.24,7.614,0.259,2.145,0,0,0,-0.043132,0,125.2,91.5,8.19,12.38,100,0,0.254
0,2011,325,342,0,0,0,8.51,1010,1.133,57.84,12.42,0.136,1.346,0,0,0,0,0,125,91.7,8.19,12.38,100,0,0.254
0,2011,325,343,0,0,0,8.5,1010,1.293,62.28,11.75,0.216,1.879,0,0,0,0,0,124.8,91.8,8.19,12.38,100,0,0.254
0,2011,325,344,0,0,0,8.55,1010,1.573,58.57,13.82,0.152,1.879,0,0,0,0,0,124.6,91.9,8.19,12.38,100,0,0.254
0,2011,325,345,0,0,0,8.51,1010,1.733,60.11,18.27,0.197,2.145,0,0,0,0,0,124.4,92.1,8.19,12.38,100,0,0.254
0,2011,325,346,0,0,0,8.53,1010,1.253,57.65,11.4,0.127,1.346,0,0,0,-0.043132,0,124.2,92.2,8.19,12.38,100,0,0.254
0,2011,325,347,0,0,0,8.53,1010,1.267,50.38,12.92,0.19,1.613,0,0,0,-0.043132,0,124,92.3,8.18,12.38,100,0,0.254
0,2011,325,348,0,0,0,8.52,1010,1.346,47.82,12.2,0.168,1.613,0,0,0,-0.043132,0,123.8,92.5,8.18,12.38,100,0,0.254
0,2011,325,349,0,0,0,8.49,1010,1.426,47.3,13.74,0.254,1.879,0,0,0,-0.086264,0,123.6,92.6,8.17,12.38,100,0,0.254
0,2011,325,350,0,0,0,8.49,1010,0.96,52.83,18.5,0.132,1.08,0,0,0,0,0,123.4,92.7,8.17,12.38,100,0,0.254
0,2011,325,351,0,0,0,8.49,1010,0.92,32.25,24.24,0.13,1.08,0,0,0,0,0,123.1,92.9,8.17,12.38,100,0,0.254
0,2011,325,352,0,0,0,8.46,1010,0.987,53.79,16.41,0.211,1.346,0,0,0,0,0,122.9,93,8.17,12.38,100,0,0.254
0,2011,325,353,0,0,0,8.41,1010,0.547,63.71,17.45,0.149,0.814,0,0,0,0,0,122.7,93.1,8.17,12.38,100,0,0.254
0,2011,325,354,0,0,0,8.53,1010,0.787,55.23,11.29,0.116,1.08,0,0,0,0,0,122.5,93.3,8.17,12.38,100,0,0.254
0,2011,325,355,0,0,0,8.6,1010,0.96,65.69,25.16,0.245,1.346,0,0,0,0,0,122.3,93.4,8.17,12.38,100,0,0.254
0,2011,325,356,0,0,0,8.69,1010,1.014,54.67,27.12,0.236,1.346,0,0,0,-0.086267,0,122.1,93.5,8.16,12.38,100,0,0.254
0,2011,325,357,0,0,0,8.71,1010,1.16,48.46,14.64,0.171,1.613,0,0,0,0,0,121.9,93.7,8.15,12.36,100,0,0.254
0,2011,325,358,0,0,0,8.65,1010,1.533,40.33,8.02,0.268,2.145,0,0,0,0,0,121.7,93.8,8.15,12.38,100,0,0.254
0,2011,325,359,0,0,0,8.55,1010,1.773,39.38,6.907,0.229,2.145,0,0,0,-0.043133,0,121.5,93.9,8.15,12.37,100,0,0.254
0,2011,325,400,0,0,0,8.44,1010,1.666,25.38,10.79,0.181,1.879,0,0,0,0,0,121.3,94,8.15,12.37,100,0,0.254
0,2011,325,401,0,0,0,8.35,1010,1.813,25.14,10.08,0.325,2.412,0,0,0,-0.043133,0,121.1,94.2,8.15,12.33,100,0,0.254
0,2011,325,402,0,0,0,8.28,1010,1.999,22.28,8.71,0.178,2.412,0,0,0,0,0,120.9,94.3,8.13,12.38,100,0,0.254
0,2011,325,403,0,0,0,8.23,1010,1.613,29.07,9.27,0.266,1.879,0,0,0,0,0,120.7,94.4,8.13,12.38,100,0,0.254
0,2011,325,404,0,0,0,8.19,1010,1.666,25.99,9.03,0.311,2.145,0,0,0,0,0,120.5,94.6,8.13,12.38,100,0,0.254
0,2011,325,405,0,0,0,8.14,1010,2.026,35.49,11.48,0.157,2.412,0,0,0,0,0,120.3,94.7,8.13,12.38,100,0,0.254
0,2011,325,406,0,0,0,8.11,1010,2.279,27.04,9.34,0.286,2.678,0,0,0,0,0,120,94.8,8.13,12.37,100,0,0.254
0,2011,325,407,0,0,0,8.13,1010,2.651,26.34,8.82,0.221,2.944,0,0,0,0,0,119.8,95,8.1,12.38,100,0,0.254
0,2011,325,408,0,0,0,8.13,1010,2.159,32.59,11.9,0.245,2.678,0,0,0,0,0,119.6,95.1,8.1,12.38,100,0,0.254
0,2011,325,409,0,0,0,8.12,1010,2.079,25.77,10.86,0.166,2.412,0,0,0,0,0,119.4,95.2,8.09,12.37,100,0,0.254
0,2011,325,410,0,0,0,8.11,1010,2.319,25.26,10.89,0.406,3.211,0,0,0,0,0,119.2,95.3,8.08,12.38,100,0,0.254
0,2011,325,411,0,0,0,8.11,1010,2.452,37.38,10.39,0.397,3.211,0,0,0,-0.043133,0,119,95.5,8.08,12.37,100,0,0.254
0,2011,325,412,0,0,0,8.12,1010,2.612,19.17,8.47,0.325,3.477,0,0,0,-0.043133,0,118.8,95.6,8.08,12.37,100,0,0.254
0,2011,325,413,0,0,0,8.16,1010,2.079,32.31,8.43,0.314,2.678,0,0,0,-0.043134,0,118.6,95.7,8.08,12.37,100,0,0.254
0,2011,325,414,0,0,0,8.14,1010,2.172,19.45,29.32,0.394,2.944,0,0,0,0,0,118.4,95.9,8.08,12.37,100,0,0.254
0,2011,325,415,0,0,0,8.16,1010,2.612,17.4,6.79,0.278,2.944,0,0,0,-0.043134,0,118.2,96,8.07,12.37,100,0,0.254
0,2011,325,416,0,0,0,8.16,1010,2.052,24.18,7.683,0.174,2.412,0,0,0,0,0,118,96.1,8.06,12.37,100,0,0.254
0,2011,325,417,0,0,0,8.14,1010,2.079,13.99,17.37,0.265,2.678,0,0,0,0,0,117.8,96.2,8.06,12.37,100,0,0.254
0,2011,325,418,0,0,0,8.15,1010,2.012,14.27,10.75,0.158,2.412,0,0,0,-0.043134,0,117.6,96.4,8.05,12.37,100,0,0.254
0,2011,325,419,0,0,0,8.16,1010,1.932,18.39,13.16,0.247,2.412,0,0,0,0,0,117.4,96.5,8.04,12.37,100,0,0.254
0,2011,325,420,0,0,0,8.13,1010,1.773,22.46,7.582,0.258,2.412,0,0,0,0,0,117.2,96.6,8.04,12.37,100,0,0.254
0,2011,325,421,0,0,0,8.13,1010,1.999,17.57,5.574,0.197,2.412,0,0,0,-0.043135,0,117,96.8,8.04,12.37,100,0,0.254
0,2011,325,422,0,0,0,8.12,1010,1.773,19.94,8.29,0.155,2.145,0,0,0,0,0,116.7,96.9,8.04,12.37,100,0,0.254
0,2011,325,423,0,0,0,8.11,1010,1.759,15.62,27.35,0.259,2.145,0,0,0,0,0,116.5,97,8.03,12.37,100,0,0.254
0,2011,325,424,0,0,0,8.12,1010,1.413,12.89,16.13,0.186,1.879,0,0,0,0,0,116.3,97.1,8.02,12.37,100,0,0.254
0,2011,325,425,0,0,0,8.15,1010,1.107,12.58,21.32,0.116,1.346,0,0,0,0,0,116.1,97.3,8.02,12.37,100,0,0.254
0,2011,325,426,0,0,0,8.15,1010,1.067,9.47,28.52,0.157,1.346,0,0,0,-0.043135,0,115.9,97.4,8,12.37,100,0,0.254
0,2011,325,427,0,0,0,8.17,1010,0.489,329,20.07,0.398,1.08,0,0,0,0,0,115.7,97.5,7.993,12.36,100,0,0.254
0,2011,325,428,0,0,0,8.19,1010,0.438,348.5,38.17,0.219,0.547,0,0,0,-0.086270,0,115.5,97.6,7.993,12.37,100,0,0.254
0,2011,325,429,0,0,0,8.2,1010,0,0,0,0,0,0,0,0,0,0,115.3,97.8,7.993,12.36,100,0,0.254
0,2011,325,430,0,0,0,8.18,1010,0,0,0,0,0,0,0,0,0,0,115.1,97.9,7.993,12.36,100,0,0.254
0,2011,325,431,0,0,0,8.17,1010,0,0,0,0,0,0,0,0,0,0,114.9,98,7.982,12.31,100,0,0.254
0,2011,325,432,0,0,0,8.18,1010,0,0,0,0,0,0,0,0,0,0,114.7,98.2,7.97,12.36,100,0,0.254
0,2011,325,433,0,0,0,8.14,1010,0.055,330.5,4.995,0.164,0.547,0,0,0,0,0,114.5,98.3,7.97,12.37,100,0,0.254
0,2011,325,434,0,0,0,8.06,1010,0.761,13.06,11.77,0.136,1.08,0,0,0,0,0,114.3,98.4,7.96,12.37,100,0,0.254
0,2011,325,435,0,0,0,7.984,1010,0.559,6.007,11.73,0.234,1.08,0,0,0,-0.043136,0,114.1,98.5,7.96,12.37,100,0,0.254
0,2011,325,436,0,0,0,7.924,1010,0.894,12.58,6.1,0.148,1.08,0,0,0,-0.043136,0,113.9,98.7,7.95,12.37,100,0,0.254
0,2011,325,437,0,0,0,7.879,1010,1.053,24.8,7.227,0.143,1.346,0,0,0,0,0,113.7,98.8,7.939,12.37,100,0,0.254
0,2011,325,438,0,0,0,7.823,1010,0.96,33.33,10.41,0.132,1.08,0,0,0,0,0,113.5,98.9,7.927,12.37,100,0,0.254
0,2011,325,439,0,0,0,7.772,1010,1.373,29.94,12.66,0.278,1.879,0,0,0,-0.043136,0,113.3,99,7.916,12.37,100,0,0.254
0,2011,325,440,0,0,0,7.752,1010,1.386,46.12,7.516,0.127,1.613,0,0,0,0,0,113.1,99.2,7.905,12.37,100,0,0.254
0,2011,325,441,0,0,0,7.767,1010,1.373,44.03,12.39,0.143,1.613,0,0,0,0,0,112.8,99.3,7.905,12.36,100,0,0.254
0,2011,325,442,0,0,0,7.823,1010,1.12,92.8,15.17,0.174,1.346,0,0,0,0,0,112.6,99.4,7.894,12.37,100,0,0.254
0,2011,325,443,0,0,0,8.06,1010,1.373,101.2,6.312,0.116,1.613,0,0,0,0,0,112.4,99.5,7.882,12.37,100,0,0.254
0,2011,325,444,0,0,0,8.26,1010,1.293,95.9,10.74,0.136,1.613,0,0,0,0,0,112.2,99.7,7.872,12.37,100,0,0.254
0,2011,325,445,0,0,0,8.3,1010,1.107,101.1,9.84,0.186,1.346,0,0,0,-0.043136,0,112,99.8,7.862,12.37,100,0,0.254
0,2011,325,446,0,0,0,8.3,1010,0.894,102.6,15.5,0.122,1.08,0,0,0,0,0,111.8,99.9,7.862,12.36,100,0,0.254
0,2011,325,447,0,0,0,8.35,1010,0.987,93,10.78,0.127,1.08,0,0,0,0,0,111.6,100,7.862,12.37,100,0,0.254
0,2011,325,448,0,0,0,8.33,1010,1.04,99,12.44,0.127,1.346,0,0,0,-0.043137,0,111.4,100.2,7.862,12.37,100,0,0.254
0,2011,325,449,0,0,0,8.32,1010,1.107,94.8,9.14,0.186,1.346,0,0,0,0,0,111.2,100.3,7.851,12.37,100,0,0.254
0,2011,325,450,0,0,0,8.37,1010,1.12,91.4,12.67,0.152,1.346,0,0,0,0,0,111,100.4,7.839,12.37,100,0,0.254
0,2011,325,451,0,0,0,8.32,1010,0.974,89.6,12.5,0.13,1.08,0,0,0,0,0,110.8,100.5,7.839,12.37,100,0,0.254
0,2011,325,452,0,0,0,8.26,1010,1.147,100.9,5.701,0.115,1.346,0,0,0,0,0,110.6,100.7,7.839,12.37,100,0,0.254
0,2011,325,453,0,0,0,8.34,1010,1.093,103.4,8.4,0.058,1.346,0,0,0,0,0,110.4,100.8,7.839,12.37,100,0,0.254
0,2011,325,454,0,0,0,8.32,1010,1.093,101.6,6.023,0.178,1.346,0,0,0,-0.043137,0,110.2,100.9,7.839,12.37,100,0,0.254
0,2011,325,455,0,0,0,8.34,1010,0.867,116,11.18,0.136,1.08,0,0,0,0,0,110,101,7.839,12.37,100,0,0.254
0,2011,325,456,0,0,0,8.36,1010,0.88,128.3,18.64,0.251,1.346,0,0,0,-0.086274,0,109.8,101.2,7.839,12.37,100,0,0.254
0,2011,325,457,0,0,0,8.34,1010,0.694,140.9,13.1,0.157,1.08,0,0,0,0,0,109.6,101.3,7.839,12.35,100,0,0.254
0,2011,325,458,0,0,0,8.28,1010,1.24,143,6.249,0.13,1.346,0,0,0,-0.043137,0,109.4,101.4,7.839,12.36,100,0,0.254
0,2011,325,459,0,0,0,8.26,1010,1.426,139.8,6.617,0.148,1.613,0,0,0,0,0,109.2,101.5,7.839,12.36,100,0,0.254
0,2011,325,500,0,0,0,8.21,1010,1.16,127.8,14.72,0.208,1.346,0,0,0,0,0,109,101.7,7.839,12.36,100,0,0.254
0,2011,325,501,0,0,0,8.2,1010,1.546,115.2,5.622,0.115,1.613,0,0,0,0,0,108.8,101.8,7.851,12.32,100,0,0.254
0,2011,325,502,0,0,0,8.44,1010,1.546,116,5.594,0.115,1.613,0,0,0,0,0,108.6,101.9,7.862,12.36,100,0,0.254
0,2011,325,503,0,0,0,8.71,1010,1.293,109.3,9.5,0.199,1.613,0,0,0,-0.129412,0,108.4,102,7.862,12.37,100,0,0.254
0,2011,325,504,0,0,0,8.78,1010,0.907,94.2,12.47,0.242,1.346,0,0,0,0,0,108.2,102.2,7.862,12.36,100,0,0.254
0,2011,325,505,0,0,0,8.76,1010,0.84,101.4,14.4,0.205,1.08,0,0,0,-0.043137,0,108,102.3,7.872,12.36,100,0,0.254
0,2011,325,506,0,0,0,8.83,1010,0.867,93.1,18.15,0.247,1.346,0,0,0,-0.043137,0,107.8,102.4,7.882,12.37,100,0,0.254
0,2011,325,507,0,0,0,8.86,1010,0.934,95,11.45,0.132,1.08,0,0,0,0,0,107.6,102.5,7.905,12.36,100,0,0.254
0,2011,325,508,0,0,0,8.88,1010,0.987,100.1,7.756,0.127,1.08,0,0,0,0,0,107.4,102.7,7.927,12.36,100,0,0.254
0,2011,325,509,0,0,0,9.02,1010,1.12,102.6,7.685,0.127,1.346,0,0,0,0,0,107.1,102.8,7.939,12.36,100,0,0.254
0,2011,325,510,0,0,0,9.25,1010,1.16,102.8,3.441,0.122,1.346,0,0,0,0,0,106.9,102.9,7.95,12.36,100,0,0.254
0,2011,325,511,0,0,0,9.38,1010,1.04,102.3,7.281,0.095,1.08,0,0,0,0,0,106.7,103,7.97,12.36,99.9,0,0.254
0,2011,325,512,0,0,0,9.36,1010,1.08,100.3,13.11,0.188,1.346,0,0,0,-0.043137,0,106.5,103.2,7.993,12.36,99.4,0,0.254
0,2011,325,513,0,0,0,9.3,1010,1.107,101.9,6.27,0.143,1.346,0,0,0,0,0,106.3,103.3,8.02,12.36,98.8,0,0.254
0,2011,325,514,0,0,0,9.14,1010,1.04,103,14.01,0.152,1.346,0,0,0,-0.129410,0,106.1,103.4,8.04,12.36,98.2,0,0.254
0,2011,325,515,0,0,0,9.08,1010,1.28,105.2,11.04,0.115,1.346,0,0,0,0,0,105.9,103.6,8.06,12.36,98.1,0,0.254
0,2011,325,516,0,0,0,9.08,1010,1.187,105.2,7.932,0.155,1.346,0,0,0,0,0,105.7,103.7,8.08,12.36,98.2,0,0.254
0,2011,325,517,0,0,0,9.06,1010,0.934,93.6,15.69,0.132,1.08,0,0,0,0,0,105.5,103.8,8.1,12.36,98.2,0,0.254
0,2011,325,518,0,0,0,9.08,1010,1.133,105.1,7.064,0.16,1.346,0,0,0,0,0,105.3,103.9,8.13,12.36,98.3,0,0.254
0,2011,325,519,0,0,0,9.12,1010,1.093,106.9,9.21,0.178,1.346,0,0,0,0,0,105.1,104.1,8.14,12.36,98.3,0,0.254
0,2011,325,520,0,0,0,9.23,1010,1.28,104.2,9.35,0.143,1.613,0,0,0,0,0,104.9,104.2,8.17,12.36,98.4,0,0.254
0,2011,325,521,0,0,0,9.4,1010,0.88,93.8,11.44,0.186,1.08,0,0,0,-0.043137,0,104.7,104.3,8.17,12.36,98.4,0,0.254
0,2011,325,522,0,0,0,9.25,1010,1.213,100.2,9.9,0.133,1.346,0,0,0,0,0,104.5,104.4,8.2,12.36,97.5,0,0.254
0,2011,325,523,0,0,0,9.2,1010,1.2,96.3,10.66,0.197,1.613,0,0,0,0,0,104.3,104.6,8.21,12.36,97.4,0,0.254
0,2011,325,524,0,0,0,9.22,1010,1.147,97.9,10.3,0.115,1.346,0,0,0,0,0,104.1,104.7,8.23,12.36,97.5,0,0.254
0,2011,325,525,0,0,0,9.36,1010,0.947,89.3,16.79,0.179,1.346,0,0,0,0,0,103.9,104.8,8.26,12.36,97.8,0,0.254
0,2011,325,526,0,0,0,9.37,1010,1.173,98.3,9.69,0.127,1.346,0,0,0,0,0,103.7,104.9,8.28,12.36,97.4,0,0.254
0,2011,325,527,0,0,0,9.34,1010,0.96,94.6,15.2,0.157,1.346,0,0,0,0,0,103.5,105.1,8.29,12.35,97,0,0.254
0,2011,325,528,0,0,0,9.4,1010,0.907,92.8,14.16,0.174,1.346,0,0,0,0,0,103.3,105.2,8.31,12.36,97,0,0.254
0,2011,325,529,0,0,0,9.41,1010,0.641,87.4,19.92,0.127,0.814,0,0,0,0,0,103.1,105.3,8.33,12.36,96.7,0,0.254
0,2011,325,530,0,0,0,9.32,1010,0.64,91.1,13.85,0.213,1.08,0,0,0,0,0,102.9,105.4,8.35,12.36,96.3,0,0.254
0,2011,325,531,0,0,0,9.26,1010,0.397,92.1,20.32,0.266,0.814,0,0,0,0,0,102.7,105.6,8.36,12.32,96.2,0,0.254
0,2011,325,532,0,0,0,9.23,1010,0.6,82.6,27.42,0.183,0.814,0,0,0,0,0,102.5,105.7,8.38,12.36,96.2,0,0.254
0,2011,325,533,0,0,0,9.32,1010,0.814,86.6,13.42,0.188,1.08,0,0,0,0,0,102.3,105.8,8.39,12.36,96.6,0,0.254
0,2011,325,534,0.046378,0,0.046378,9.55,1010,0.707,93.7,20.23,0.155,1.08,0.041764,0,0.041764,0,0,102.1,106,8.41,12.36,96.9,0,0.254
0,2011,325,535,0,0,0,9.55,1010,1.08,92.1,12.95,0.188,1.346,0,0,0,0,0,101.9,106.1,8.42,12.36,95.9,0,0.254
0,2011,325,536,0,0,0,9.58,1010,1.093,94.3,11.47,0.132,1.346,0,0,0,0,0,101.7,106.2,8.44,12.35,95.6,0,0.254
0,2011,325,537,0,0,0,9.64,1010,0.987,95.7,15.81,0.193,1.346,0,0,0,0,0,101.5,106.3,8.45,12.36,95.3,0,0.254
0,2011,325,538,0,0,0,9.73,1010,0.88,80,16,0.143,1.08,0,0,0,0,0,101.3,106.5,8.47,12.36,95.1,0,0.254
0,2011,325,539,0,0,0,9.73,1010,1.12,87.1,8.94,0.174,1.346,0,0,0,0,0,101.1,106.6,8.48,12.36,94.5,0,0.254
0,2011,325,540,0,0,0,9.76,1010,1.253,78.36,14.32,0.174,1.613,0,0,0,0,0,100.9,106.7,8.5,12.36,94.1,0,0.254
0,2011,325,541,0,0,0,9.89,1010,1.24,76.04,13.56,0.196,1.613,0,0,0,0,0,100.7,106.9,8.52,12.36,94.2,0,0.254
0,2011,325,542,0,0,0,10.01,1010,1.12,68.12,14.26,0.283,1.879,0,0,0,-0.086267,0,100.5,107,8.52,12.36,93.7,0,0.254
0,2011,325,543,0,0,0,10.15,1010,1.253,55.17,10.29,0.211,1.613,0,0,0,-0.043134,0,100.3,107.1,8.55,12.36,93.6,0,0.254
0,2011,325,544,0,0,0,10.38,1010,1.213,60.41,10.76,0.133,1.346,0,0,0,0,0,100.1,107.2,8.57,12.36,93.2,0,0.254
0,2011,325,545,0,0,0,10.46,1010,1.426,56.27,13.72,0.224,1.879,0,0,0,0,0,99.9,107.4,8.59,12.36,92.1,0,0.254
0,2011,325,546,0,0,0,10.59,1010,1.333,56.98,10.12,0.245,1.879,0,0,0,0,0,99.7,107.5,8.61,12.36,92.1,0,0.254
0,2011,325,547,0,0,0,10.7,1010,1.12,53,13.87,0.127,1.346,0,0,0,-0.043133,0,99.5,107.6,8.62,12.36,91.2,0,0.254
0,2011,325,548,0,0,0,10.59,1010,0.947,64.24,20.19,0.133,1.08,0,0,0,-0.043132,0,99.3,107.8,8.65,12.36,90.3,0,0.254
0,2011,325,549,0,0,0,10.55,1010,1.107,51.06,9.44,0.265,1.613,0,0,0,0,0,99.1,107.9,8.66,12.36,90.7,0,0.254
0,2011,325,550,0,0,0,10.58,1010,1.506,52.77,15.46,0.177,1.613,0,0,0,-0.086264,0,98.9,108,8.68,12.36,90.8,0,0.254
0,2011,325,551,0,0,0,10.84,1010,1.28,52.53,14.62,0.204,1.613,0,0,0,0,0,98.7,108.1,8.7,12.36,90.5,0,0.254
0,2011,325,552,0,0,0,10.84,1010,1.187,58.62,16.56,0.155,1.613,0,0,0,0,0,98.5,108.3,8.71,12.36,89.6,0,0.254
0,2011,325,553,0,0,0,10.8,1010,1.2,55.26,13.12,0.259,1.879,0,0,0,0,0,98.3,108.4,8.75,12.36,89.4,0,0.254
0,2011,325,554,0,0,0,10.67,1010,1.2,47.42,8.6,0.157,1.346,0,0,0,-0.043132,0,98.2,108.5,8.75,12.36,88.8,0,0.254
0,2011,325,555,0,0,0,10.61,1010,1.12,54.99,11.31,0.174,1.346,0,0,0,0,0,98,108.7,8.77,12.36,89.4,0,0.254
0,2011,325,556,0,0,0,10.58,1010,1.267,51.25,6.959,0.148,1.613,0,0,0,-0.043132,0,97.8,108.8,8.79,12.36,89.5,0,0.254
0,2011,325,557,0,0,0,10.7,1010,1.2,45.38,11.79,0.214,1.613,0,0,0,0,0,97.6,108.9,8.79,12.34,90.3,0,0.254
0,2011,325,558,0,0,0,10.84,1010,1.48,49.87,12.9,0.158,1.613,0,0,0,-0.043132,0,97.4,109.1,8.81,12.36,90.3,0,0.254
0,2011,325,559,0,0,0,11,1010,1.4,50.48,10.08,0.181,1.613,0,0,0,0,0,97.2,109.2,8.83,12.35,89.4,0,0.254
0,2011,325,600,0,0,0,11.02,1010,1.32,43.52,12.47,0.143,1.613,0,0,0,-0.043131,0,97,109.3,8.84,12.36,88.6,0,0.254
0,2011,325,601,0,0,0,10.98,1010,1.493,48.24,18.82,0.214,1.879,0,0,0,-0.043132,0,96.8,109.5,8.86,12.32,88.6,0,0.254
0,2011,325,602,0,0,0,11.05,1010,1.413,54.69,10.66,0.204,1.879,0,0,0,0,0,96.6,109.6,8.88,12.36,88.9,0,0.254
0,2011,325,603,0,0,0,11.16,1010,1.36,49.15,12.25,0.197,1.613,0,0,0,-0.043132,0,96.4,109.7,8.89,12.36,88.4,0,0.254
0,2011,325,604,0,0,0,11.28,1010,1.373,47.86,15.48,0.166,1.613,0,0,0,0,0,96.2,109.8,8.91,12.36,88.1,0,0.254
0,2011,325,605,0,0,0,11.31,1010,1.227,45.25,11.83,0.157,1.613,0,0,0,0,0,96,110,8.92,12.36,87.4,0,0.254
0,2011,325,606,0,0,0,11.23,1010,0.974,42.45,15.38,0.155,1.346,0,0,0,0,0,95.8,110.1,8.94,12.36,86.8,0,0.254
0,2011,325,607,0,0,0,11.07,1010,1.599,44.74,12.17,0.372,2.412,0,0,0,0,0,95.6,110.2,8.96,12.36,87.1,0,0.254
0,2011,325,608,0,0,0,11.12,1010,1.147,49.11,9.98,0.186,1.346,0,0,0,0,0,95.4,110.4,8.97,12.35,87.7,0,0.254
0,2011,325,609,0,0,0,11.12,1010,1.12,49.74,11.49,0.127,1.346,0,0,0,0,0,95.2,110.5,8.99,12.36,87.3,0,0.254
0,2011,325,610,0,0,0,11.16,1010,1.213,50.3,11.5,0.198,1.613,0,0,0,0,0,95,110.6,9,12.36,87.4,0,0.254
0,2011,325,611,0,0,0,11.15,1010,1.546,54.2,10.63,0.251,2.145,0,0,0,0,0,94.8,110.8,9.01,12.36,87.4,0,0.254
0,2011,325,612,0.092747,0,0.092747,11.23,1010,1.586,55.81,13.79,0.186,1.879,0.083519,0,0.083519,0.086263,0,94.6,110.9,9.03,12.36,87.6,0,0.254
0,2011,325,613,0.092746,0,0.092746,11.38,1010,1.08,62.97,21.47,0.279,1.613,0.083519,0,0.083519,0.043131,0,94.4,111,9.05,12.36,87,0,0.254
0,2011,325,614,0.092746,0,0.092746,11.3,1010,1.413,63.49,10.21,0.236,1.879,0.083519,0,0.083519,0.215657,0,94.2,111.2,9.06,12.36,86.1,0,0.254
0,2011,325,615,0.324611,0,0.324611,11.34,1010,1.24,56.29,14.12,0.284,1.879,0.292315,0,0.292315,0.474444,0,94,111.3,9.08,12.36,86.4,0,0.254
0,2011,325,616,0.463729,0,0.463729,11.35,1010,1.213,65.34,10.67,0.158,1.613,0.417592,0,0.417592,0.733229,0,93.8,111.4,9.1,12.36,86.2,0,0.254
0,2011,325,617,0.463729,0,0.463729,11.32,1010,1.413,55.58,11.58,0.143,1.613,0.417592,0,0.417592,0.690098,0,93.6,111.6,9.1,12.36,85.9,0,0.254
0,2011,325,618,0.881082,0,0.881082,11.33,1010,1.16,64.99,12.38,0.122,1.346,0.793423,0,0.793423,0.776358,0,93.4,111.7,9.12,12.36,86.2,0,0.254
0,2011,325,619,0.927453,0,0.927453,11.27,1010,1.4,70.81,13.19,0.181,1.879,0.835180,0,0.835180,0.905749,0,93.2,111.9,9.15,12.36,85.9,0,0.254
0,2011,325,620,1.34466,0,1.34466,11.25,1010,1.386,67.54,12.3,0.27,1.879,1.21101,0,1.21101,0.992009,0,93,112,9.15,12.36,86.2,0,0.254
0,2011,325,621,1.53008,0,1.53008,11.34,1010,1.506,73.22,14.8,0.196,1.879,1.37804,0,1.37804,1.33705,0,92.8,112.1,9.17,12.36,86.6,0,0.254
0,2011,325,622,1.85458,0,1.85458,11.44,1010,1.44,83.8,14.62,0.211,1.879,1.67035,0,1.67035,1.72523,0,92.6,112.3,9.19,12.36,85.8,0,0.254
0,2011,325,623,1.94725,0,1.94725,11.23,1010,1.12,88.5,15.15,0.095,1.346,1.75387,0,1.75387,1.85462,0,92.4,112.4,9.21,12.35,85,0,0.254
0,2011,325,624,2.50333,0,2.50333,10.93,1010,0.84,86.8,16.74,0.186,1.346,2.25497,0,2.25497,2.37218,0,92.2,112.5,9.22,12.35,85.8,0,0.254
0,2011,325,625,2.78137,0,2.78137,10.6,1010,0.867,100.4,15.31,0.107,1.08,2.50552,0,2.50552,2.58783,0,92,112.7,9.24,12.35,86.3,0,0.254
0,2011,325,626,2.78137,0,2.78137,10.27,1010,1.28,108,6.856,0.166,1.613,2.50552,0,2.50552,2.58783,0,91.8,112.8,9.24,12.35,87.5,0,0.254
0,2011,325,627,2.78137,0,2.78137,10.13,1010,1.04,98.4,14.34,0.174,1.346,2.50551,0,2.50551,2.58783,0,91.6,112.9,9.25,12.34,88.6,0,0.254
0,2011,325,628,2.82770,0,2.82770,9.8,1010,1.133,102.8,13.08,0.16,1.346,2.54728,0,2.54728,2.67409,0,91.4,113.1,9.26,12.34,89,0,0.254
0,2011,325,629,3.42992,0,3.42992,9.66,1010,1.24,106.8,11.21,0.155,1.613,3.09015,0,3.09015,3.14854,0,91.2,113.2,9.27,12.34,90.6,0,0.254
0,2011,325,630,3.75419,0,3.75419,9.65,1010,1.147,101.7,16.18,0.204,1.346,3.38247,0,3.38247,3.49360,0,91,113.4,9.28,12.34,91,0,0.254
0,2011,325,631,4.30989,0,4.30989,9.6,1010,1.08,103.5,10.76,0.146,1.346,3.88358,0,3.88358,4.05430,0,90.7,113.5,9.28,12.31,91.5,0,0.254
0,2011,325,632,4.68035,0,4.68035,9.6,1010,0.974,95.3,12.19,0.13,1.08,4.21766,0,4.21766,4.44248,0,90.5,113.6,9.28,12.35,91.7,0,0.254
0,2011,325,633,5.55989,0,5.55989,9.61,1010,1.014,99.7,14.51,0.115,1.08,5.01108,0,5.01108,5.00318,0,90.2,113.8,9.28,12.35,92,0,0.254
0,2011,325,634,6.06895,0,6.06895,9.6,1010,1.147,102.1,17.24,0.115,1.346,5.47043,0,5.47043,5.65014,0,89.9,113.9,9.29,12.35,91.9,0,0.254
0,2011,325,635,3.64968,0,3.64968,9.48,1010,1.093,101.5,16.98,0.197,1.613,6.09681,35.4034,5.92560,6.29711,0,89.8,114,9.3,12.34,91.8,0,0.254
0,2011,325,636,1.62163,0,1.62163,9.39,1010,1.346,110.2,10.01,0.188,1.613,6.68143,0,6.68143,6.90093,0,89.6,114.2,9.3,12.34,92.3,0,0.254
0,2011,325,637,2.14379,0,2.14379,9.32,1010,1,104.9,13.56,0.148,1.346,7.39133,27.6921,7.14077,7.46163,0,89.4,114.3,9.3,12.34,92.8,0,0.254
0,2011,325,638,2.76417,0,2.76417,9.36,1010,1.053,100.4,16.75,0.237,1.346,8.05946,7.02062,7.97594,8.15171,0,89.3,114.5,9.3,12.34,93.3,0,0.254
0,2011,325,639,3.50943,0,3.50943,9.35,1010,1.133,91.9,17.79,0.199,1.613,8.76935,16.4638,8.50627,8.62614,0,89.1,114.6,9.3,12.34,93.2,0,0.254
0,2011,325,640,4.24844,0,4.24844,9.32,1010,1.16,104.7,14.79,0.171,1.613,9.22869,2.18114,9.18693,9.48875,0,88.9,114.7,9.3,12.34,93.3,0,0.254
0,2011,325,641,5.21996,0,5.21996,9.32,1010,1.386,105.8,13.93,0.329,1.879,9.98034,15.9391,9.64627,10.1788,0,88.8,114.9,9.3,12.34,93.1,0,0.254
0,2011,325,642,6.23656,0,6.23656,9.24,1010,1.573,107.2,11.7,0.152,1.879,10.6485,7.09276,10.4814,10.7395,139,88.6,115,9.3,12.34,93.4,0,0.254
0,2011,325,643,7.29255,0,7.29255,9.29,1010,1.466,110.8,12.3,0.245,1.879,11.2748,13.5834,10.8990,11.5590,254.4,88.4,115.2,9.3,12.34,93.7,0,0.254
0,2011,325,644,8.44678,0,8.44678,9.36,1010,1.719,112.8,8.06,0.196,2.145,11.9847,8.14769,11.7342,12.1197,257.6,88.3,115.3,9.3,12.34,93.5,0,0.254
0,2011,325,645,9.59633,0,9.59633,9.32,1010,1.839,114.5,6.044,0.127,2.145,12.6529,3.68182,12.5276,12.8097,262.1,88.1,115.5,9.3,12.34,93.3,0,0.254
0,2011,325,646,10.7177,0,10.7177,9.35,1010,1.972,115.2,7.78,0.174,2.145,13.2792,8.22419,12.9869,13.4136,267.4,87.9,115.6,9.3,12.34,93.7,0,0.254
0,2011,325,647,11.8191,0,11.8191,9.44,1010,1.719,116.2,7.223,0.196,2.145,13.9056,11.6244,13.4462,14.1468,273.3,87.7,115.7,9.31,12.34,93.5,0,0.254
0,2011,325,648,12.8211,0,12.8211,9.44,1010,1.639,111.8,10.23,0.221,1.879,14.4484,5.80895,14.1979,14.7937,280,87.6,115.9,9.3,12.35,93.2,0,0.254
0,2011,325,649,13.9340,0,13.9340,9.54,1010,1.346,103.3,18.86,0.337,1.879,15.1583,11.0964,14.6572,15.4838,287,87.4,116,9.31,12.35,93,0,0.254
0,2011,325,650,14.9753,0,14.9753,9.35,1010,1.773,110.7,13.6,0.13,1.879,15.8264,7.00007,15.4924,16.1307,294.6,87.2,116.2,9.32,12.35,92.3,0,0.254
0,2011,325,651,16.2620,0,16.2620,9.31,1010,1.906,119,9.43,0.221,2.145,16.7869,7.32661,16.4111,17.1227,302.4,87,116.3,9.32,12.35,93.3,0,0.254
0,2011,325,652,22.5535,11.5737,21.9026,9.38,1010,1.919,116.2,7.667,0.174,2.145,22.8419,43.8898,20.4157,23.7648,310.3,86.9,116.5,9.32,12.35,93.7,0,0.254
0,2011,325,653,37.1958,272.175,21.3900,9.49,1010,1.852,115,8.74,0.237,2.145,37.1232,336.487,17.5928,38.5585,318.3,86.7,116.6,9.32,12.35,93.4,0,0.254
0,2011,325,654,49.6437,434.653,23.1374,9.52,1010,1.613,109.5,10.39,0.188,1.879,48.9826,504.101,18.2442,50.1174,326.7,86.5,116.7,9.32,12.35,93.1,0,0.254
0,2011,325,655,53.4853,464.144,23.7532,9.41,1010,1.599,130.5,23.66,0.259,2.145,52.2815,526.368,18.5658,54.8617,335.2,86.3,116.9,9.33,12.36,92.7,0,0.254
0,2011,325,656,57.2363,478.220,25.1206,9.29,1010,2.012,130.6,4.361,0.309,2.412,55.5386,534.474,19.6473,58.3552,343.7,86.2,117,9.33,12.36,92.9,0,0.254
0,2011,325,657,60.8482,495.968,26.0090,9.24,1010,1.906,131.7,11.57,0.265,2.412,58.7122,547.409,20.2612,61.5900,352.2,86,117.2,9.32,12.37,93.3,0,0.254
0,2011,325,658,64.8880,521.958,26.6151,9.21,1010,1.493,112.8,20.93,0.297,2.145,62.3452,569.906,20.5576,64.9972,360.6,85.8,117.3,9.32,12.41,93.6,0,0.254
0,2011,325,659,69.0592,540.263,27.7688,9.23,1010,1.653,109.9,16.24,0.283,2.145,66.1452,585.577,21.3928,68.6633,369.1,85.6,117.5,9.35,12.43,93.9,0,0.254
0,2011,325,700,73.0106,560.913,28.4066,9.37,1010,1.959,118.1,5.97,0.171,2.145,69.7781,604.221,21.7310,72.2862,377.4,85.4,117.6,9.33,12.46,94.3,0,0.254
0,2011,325,701,76.7098,575.313,29.1772,9.47,1010,2.092,118.7,8.18,0.247,2.412,73.2023,617.027,22.2238,75.7366,385.7,85.3,117.8,9.35,12.48,94,0,0.254
0,2011,325,702,80.4612,595.458,29.4156,9.59,1010,1.906,116.3,15.51,0.237,2.412,76.7100,636.086,22.1820,79.4458,393.9,85.1,117.9,9.35,12.49,93.6,0,0.254
0,2011,325,703,84.2792,603.629,30.6625,9.59,1010,1.533,116.8,16.73,0.171,1.879,80.3012,643.464,23.1466,82.8962,402.2,84.9,118.1,9.35,12.5,93.1,0,0.254
0,2011,325,704,88.0703,613.043,31.7211,9.59,1010,1.946,126.6,10.56,0.265,2.412,83.8924,652.380,23.9275,86.8210,410.4,84.7,118.2,9.35,12.52,93.1,0,0.254
0,2011,325,705,92.1439,628.223,32.4507,9.62,1010,1.759,119.5,16.24,0.157,1.879,87.7759,667.385,24.3618,90.3577,418.4,84.5,118.4,9.35,12.53,93,0,0.254
0,2011,325,706,96.0672,640.618,33.2117,9.62,1010,1.453,118,15.49,0.244,1.879,91.5342,679.723,24.8420,94.3257,426.4,84.4,118.5,9.35,12.54,93.1,0,0.254
0,2011,325,707,100.279,659.688,33.5132,9.63,1010,1.493,109,17.72,0.273,1.879,95.5847,698.940,24.8462,98.4230,434.3,84.2,118.7,9.35,12.55,93,0,0.254
0,2011,325,708,103.898,670.241,33.9917,9.72,1010,1.533,113.2,21.09,0.268,2.145,99.0924,709.683,25.0717,102.003,442,84,118.8,9.35,12.57,93.2,0,0.254
0,2011,325,709,107.716,676.744,35.0403,9.89,1010,1.813,113,8.81,0.186,2.145,102.809,716.566,25.8567,105.755,449.5,83.8,119,9.35,12.58,93.3,0,0.254
0,2011,325,710,111.950,692.396,35.4618,10.15,1010,1.719,113.3,10.32,0.177,1.879,106.943,732.812,25.9903,109.939,456.8,83.7,119.1,9.37,12.59,92.8,0,0.254
0,2011,325,711,116.098,697.895,36.8494,10.25,1010,1.546,109,16.32,0.236,1.879,110.994,738.794,27.1011,114.079,464.2,83.5,119.3,9.37,12.61,91.8,0,0.254
0,2011,325,712,119.907,706.838,37.4690,10.22,1010,1.373,109.4,14.43,0.237,1.879,114.752,748.373,27.4686,117.788,471.6,83.3,119.4,9.37,12.62,91.3,0,0.254
0,2011,325,713,122.992,707.65,38.2831,10.14,1010,1.719,112.6,10.25,0.272,2.145,118.677,757.290,28.0240,121.756,478.9,83.1,119.6,9.37,12.64,91.3,0,0.254
0,2011,325,714,125.903,710.843,38.6296,10.3,1010,1.999,116.4,7.097,0.285,2.412,122.352,767.399,28.1325,125.509,485.9,82.9,119.7,9.38,12.65,91.6,0,0.254
0,2011,325,715,128.453,704.822,39.7625,10.54,1010,1.879,112.9,8.74,0.292,2.412,125.651,767.622,29.0554,129.132,492.6,82.8,119.9,9.39,12.67,91.5,0,0.254
0,2011,325,716,131.224,705.713,40.251,10.64,1010,1.613,110.1,13.22,0.266,2.145,129.117,774.098,29.3268,132.798,499.3,82.6,120,9.41,12.68,90.1,0,0.254
0,2011,325,717,134.478,709.869,40.7992,10.57,1010,1.852,118.7,12.16,0.221,2.145,133.000,783.251,29.6359,136.766,506.3,82.4,120.2,9.41,12.7,90,0,0.254
0,2011,325,718,137.262,712.293,41.0832,10.59,1010,1.733,116.4,12.44,0.309,2.412,136.382,789.961,29.7152,140.604,512.8,82.2,120.3,9.43,12.71,90.1,0,0.254
0,2011,325,719,140.228,708.250,42.4363,10.57,1010,1.799,114.1,11,0.378,2.412,139.890,789.644,30.8594,144.831,519.3,82.1,120.5,9.45,12.73,90.1,0,0.254
0,2011,325,720,142.829,712.516,42.2791,10.59,1010,1.653,115.1,13.24,0.329,2.412,142.980,796.904,30.5211,148.540,525.7,81.9,120.6,9.46,12.74,90.4,0,0.254
0,2011,325,721,145.11,710.835,42.6406,10.67,1010,1.719,110.1,14.54,0.308,2.145,145.695,797.540,30.7257,152.422,531.8,81.7,120.8,9.49,12.76,90.3,0,0.254
0,2011,325,722,148.230,712.993,43.2848,10.55,1010,1.826,112.4,10.77,0.247,2.145,149.161,801.601,31.1726,156.735,538.1,81.5,121,9.5,12.77,89.7,0,0.254
0,2011,325,723,150.580,710.128,43.9001,10.52,1010,1.826,108.5,11.74,0.232,2.145,151.791,799.798,31.6402,160.401,544.2,81.4,121.1,9.54,12.79,90.4,0,0.254
0,2011,325,724,153.081,708.783,44.4555,10.55,1010,1.773,107,14.56,0.272,2.145,154.506,799.055,32.0453,164.196,550.2,81.2,121.3,9.58,12.8,90.8,0,0.254
0,2011,325,725,155.707,705.114,45.5142,10.56,1010,1.453,111.7,15.27,0.331,1.879,157.220,795.159,32.9556,167.604,555.9,81,121.4,9.62,12.82,90.5,0,0.254
0,2011,325,726,158.686,712.516,45.1929,10.56,1010,1.799,115.9,16.32,0.254,2.412,159.934,800.119,32.4879,171.097,561.6,80.8,121.6,9.67,12.83,90.5,0,0.254
0,2011,325,727,161.609,712.595,45.9613,10.59,1010,1.679,108.1,12.65,0.428,2.412,162.523,797.371,33.1185,174.246,567.2,80.7,121.7,9.72,12.83,90.5,0,0.254
0,2011,325,728,164.747,715.073,46.5510,10.56,1010,1.426,101.2,18.59,0.348,1.879,165.321,797.137,33.5611,177.696,572.8,80.5,121.9,9.78,12.86,90.4,0,0.254
0,2011,325,729,167.612,717.489,46.8628,10.71,1010,1.306,95.6,17.22,0.227,1.613,167.868,796.991,33.7407,180.931,578.1,80.3,122,9.85,12.88,91.1,0,0.254
0,2011,325,730,170.519,718.114,47.5174,10.84,1010,1.027,86.9,28.68,0.343,1.879,170.457,795.140,34.2627,184.036,583.2,80.1,122.2,9.94,12.9,90.4,0,0.254
0,2011,325,731,173.512,721.749,47.7277,10.94,1010,1.36,94.5,16.41,0.381,1.879,173.130,796.390,34.3378,186.969,588.5,79.96,122.4,10.02,12.91,90.4,0,0.254
0,2011,325,732,176.757,728.154,47.6940,11.01,1010,1.36,99.4,16.88,0.309,1.879,176.053,800.553,34.1583,190.031,593.5,79.79,122.5,10.11,12.92,89.5,0,0.254
0,2011,325,733,179.528,726.664,48.5669,11.14,1010,1.173,92.4,16.41,0.27,1.613,178.517,796.833,34.9099,192.706,598.6,79.62,122.7,10.2,12.94,89.3,0,0.254
0,2011,325,734,182.362,729.305,48.7618,11.39,1010,1.187,83.5,16.91,0.13,1.346,181.064,797.448,34.9809,195.293,603.5,79.44,122.8,10.29,12.95,89.1,0,0.254
0,2011,325,735,185.317,728.826,49.6460,11.62,1010,1.253,100,21.72,0.34,1.879,183.736,795.058,35.7367,197.967,608,79.27,123,10.39,12.96,88.6,0,0.254
0,2011,325,736,187.766,728.292,50.0413,11.81,1010,0.907,92,18.52,0.174,1.346,185.908,792.567,36.0290,200.383,612.8,79.1,123.2,10.49,12.97,87.1,0,0.254
0,2011,325,737,191.028,734.043,50.0548,11.87,1010,1.107,97.3,12.74,0.116,1.346,188.873,796.509,35.9038,203.661,617.6,78.93,123.3,10.61,12.98,86.4,0,0.254
0,2011,325,738,194.199,740.111,49.8873,11.92,1010,1.213,103.7,20.21,0.246,1.613,191.754,800.831,35.6031,206.378,622.3,78.76,123.5,10.72,13,86.1,0,0.254
0,2011,325,739,197.195,739.335,50.8627,11.96,1010,1.08,82.5,14.34,0.146,1.346,194.468,798.353,36.4550,209.009,626.8,78.58,123.7,10.83,13.01,86.1,0,0.254
0,2011,325,740,199.824,741.659,50.8612,12.12,1010,1.48,78.48,10.61,0.179,1.879,196.849,799.111,36.3464,211.941,631.1,78.41,123.8,10.95,13.02,86,0,0.254
0,2011,325,741,201.820,737.852,51.4631,12.45,1010,1.719,83,9.25,0.155,1.879,198.644,793.889,36.8684,213.753,635.3,78.24,124,11.06,13.02,85.5,0,0.254
0,2011,325,742,204.884,739.243,52.0890,12.65,1010,1.373,84.3,11.73,0.186,1.613,201.484,794.010,37.3695,216.858,639.5,78.07,124.1,11.18,13.03,83.5,0,0.254
0,2011,325,743,207.673,740.880,52.3959,12.64,1010,1.466,88.5,19.47,0.132,1.613,204.031,794.261,37.5657,219.576,644.1,77.9,124.3,11.3,13.04,82.9,0,0.254
0,2011,325,744,210.512,743.516,52.5236,12.52,1010,1.2,96.1,14.57,0.214,1.613,206.620,795.514,37.5825,221.732,648.4,77.73,124.5,11.42,13.05,82.9,0,0.254
0,2011,325,745,213.590,745.187,53.0904,12.41,1010,1.413,76.1,13.12,0.251,1.879,209.459,795.936,38.0293,224.536,652.6,77.56,124.6,11.54,13.06,83.2,0,0.254
0,2011,325,746,216.424,746.790,53.4191,12.66,1010,1.626,83.8,11.85,0.214,1.879,212.132,796.640,38.2464,226.821,656.3,77.39,124.8,11.65,13.06,84.2,0,0.254
0,2011,325,747,218.921,745.718,54.0039,12.79,1010,1.653,78.28,15.17,0.242,2.145,214.470,794.638,38.7350,228.849,660.2,77.22,125,11.77,13.07,83.1,0,0.254
0,2011,325,748,221.775,746.032,54.6447,12.97,1010,1.653,72.16,6.12,0.193,1.879,217.185,794.194,39.2653,231.393,664.1,77.05,125.1,11.89,13.08,82.4,0,0.254
0,2011,325,749,224.491,750.278,54.2725,13.11,1010,1.373,83.2,10.62,0.116,1.613,219.774,797.732,38.7893,233.852,667.8,76.89,125.3,12,13.09,81.6,0,0.254
0,2011,325,750,227.057,748.247,55.1619,13.05,1010,1.719,76.96,9.36,0.155,1.879,222.196,794.902,39.5827,235.879,671.8,76.72,125.5,12.13,13.1,81.3,0,0.254
0,2011,325,751,229.620,751.030,54.9452,13.14,1010,1.693,84.8,10.73,0.171,1.879,224.660,797.100,39.2695,238.553,675.4,76.55,125.6,12.23,13.1,81,0,0.254
0,2011,325,752,232.490,751.596,55.5487,13.08,1010,1.759,89.2,10.18,0.214,2.145,227.415,797.078,39.7664,240.968,679.3,76.38,125.8,12.36,13.11,80.7,0,0.254
0,2011,325,753,234.920,749.325,56.3850,12.99,1010,1.44,92.7,15.72,0.193,1.879,229.752,794.251,40.5136,243.037,683,76.22,126,12.46,13.12,81,0,0.254
0,2011,325,754,237.588,751.251,56.4783,12.9,1010,1.679,82.2,14.34,0.115,1.879,232.341,795.726,40.5093,245.883,686.6,76.05,126.2,12.58,13.12,81.1,0,0.254
0,2011,325,755,239.81,751.591,56.5064,13.02,1010,1.599,90.9,8.06,0.178,1.879,234.554,795.852,40.4550,247.780,689.8,75.88,126.3,12.7,13.13,82.4,0,0.254
0,2011,325,756,242.576,750.583,57.4052,13.08,1010,1.253,83.9,12.88,0.227,1.613,237.309,794.711,41.2525,250.065,693.1,75.72,126.5,12.8,13.13,80.7,0,0.254
0,2011,325,757,245.508,754.005,57.3815,13.05,1010,1.386,89.5,10.88,0.152,1.613,240.231,798.019,41.1228,252.911,696.7,75.55,126.7,12.91,13.13,82.1,0,0.254
0,2011,325,758,248.124,755.596,57.4894,13.22,1010,1.44,88.1,12.31,0.211,1.879,242.903,799.724,41.1352,255.541,699.7,75.39,126.8,13.02,13.14,81.8,0,0.254
0,2011,325,759,250.404,754.699,57.8932,13.24,1010,1.493,87.1,14.31,0.245,1.879,245.239,798.888,41.4565,257.738,703,75.22,127,13.12,13.15,81,0,0.254
0,2011,325,800,252.543,753.622,58.2208,13.23,1010,1.466,89.4,20.96,0.214,1.879,247.451,797.921,41.7068,259.591,706.3,75.06,127.2,13.22,13.15,80.2,0,0.254
0,2011,325,801,254.922,754.029,58.4029,13.08,1010,1.36,86.6,15.08,0.197,1.879,249.830,798.170,41.8068,261.790,710,74.89,127.4,13.35,13.16,80.2,0,0.254
0,2011,325,802,258.235,758.333,58.4981,13.02,1010,1.4,96.9,14.41,0.287,1.879,253.127,802.378,41.7899,264.721,713,74.73,127.5,13.45,13.16,81,0,0.254
0,2011,325,803,260.999,758.891,59.0288,12.95,1010,1.24,93.1,14.12,0.213,1.613,255.881,802.789,42.2282,267.349,716.3,74.57,127.7,13.55,13.17,80.1,0,0.254
0,2011,325,804,263.164,756.861,59.6552,12.88,1010,1.293,95.7,12.62,0.199,1.613,258.050,800.591,42.7828,268.727,719.3,74.4,127.9,13.66,13.18,80.9,0,0.254
0,2011,325,805,264.892,753.790,60.1504,12.86,1010,1.133,91.8,13.6,0.216,1.613,259.798,797.365,43.2207,270.274,722.2,74.24,128.1,13.75,13.18,81.8,0,0.254
0,2011,325,806,267.918,758.006,59.9689,12.93,1010,1.014,61.82,27.1,0.143,1.346,262.844,801.578,42.9405,273.721,725,74.08,128.2,13.87,13.18,82,0,0.254
0,2011,325,807,270.203,760.087,59.6167,13.09,1010,1.227,70.15,25.01,0.157,1.613,265.178,803.680,42.5136,275.614,727.5,73.92,128.4,13.97,13.19,82.1,0,0.254
0,2011,325,808,272.666,759.038,60.3088,13.19,1010,1.067,85.9,18.32,0.297,1.613,267.678,802.623,43.1268,278.326,730.3,73.75,128.6,14.06,13.19,81,0,0.254
0,2011,325,809,275.972,763.674,60.2564,13.14,1010,1.306,87.2,15.83,0.174,1.613,270.973,807.167,42.9718,281.212,733.4,73.59,128.8,14.16,13.2,81.2,0,0.254
0,2011,325,810,277.871,760.416,61.0254,13.29,1010,1.014,68.97,14.76,0.251,1.613,272.931,803.914,43.6806,283.363,735.9,73.43,128.9,14.25,13.2,82.1,0,0.254
0,2011,325,811,281.649,763.760,61.8049,13.57,1010,1.44,48.1,15.51,0.174,1.613,276.767,807.461,44.3439,287.024,738.1,73.27,129.1,14.36,13.21,81.6,0,0.254
0,2011,325,812,283.550,759.811,62.8161,13.9,1010,1.373,55.04,10.56,0.278,1.879,278.768,803.66,45.2953,289.177,740.6,73.11,129.3,14.47,13.22,80.2,0,0.254
0,2011,325,813,288.232,763.362,64.4314,14.09,1010,1.346,82.6,22.61,0.377,1.879,283.481,807.39,46.7724,293.571,743.3,72.95,129.5,14.58,13.24,79.31,0,0.254
0,2011,325,814,293.709,766.743,66.8797,14.15,1010,1.466,88.5,10.86,0.214,1.879,288.947,810.868,49.0639,299.087,746.1,72.79,129.7,14.68,13.26,77.77,0,0.254
0,2011,325,815,297.047,766.289,68.3202,13.93,1010,1.52,86.9,15.58,0.295,1.879,292.243,810.191,50.4120,302.361,749.1,72.63,129.8,14.78,13.27,77.43,0,0.254
0,2011,325,816,298.586,765.482,68.0782,13.8,1010,1.386,71.88,12.95,0.329,1.879,293.783,809.148,50.1273,303.521,751.9,72.47,130,14.9,13.27,79.12,0,0.254
0,2011,325,817,298.885,763.309,67.0372,14.05,1010,1.453,88.4,8.39,0.284,1.879,294.198,807.015,49.0748,303.475,753.7,72.32,130.2,15,13.27,78.59,0,0.254
0,2011,325,818,300.556,768.288,65.1800,14.08,1010,1.213,73.36,20.92,0.158,1.613,295.908,811.901,47.1707,304.077,756.5,72.16,130.4,15.09,13.27,77.06,0,0.254
0,2011,325,819,303.168,771.959,64.6539,14.05,1010,1.546,86.9,18.37,0.251,2.145,298.534,815.480,46.5732,304.720,759,72,130.6,15.21,13.26,78.05,0,0.254
0,2011,325,820,306.328,776.353,64.4337,14.04,1010,1.666,53.89,13.92,0.287,2.145,301.705,819.820,46.2682,307.909,761.3,71.85,130.7,15.31,13.25,78.7,0,0.254
0,2011,325,821,308.124,774.439,64.8224,14.39,1010,1.533,72.63,15.91,0.327,1.879,303.624,818.097,46.6061,310.451,762.9,71.69,130.9,15.41,13.24,79.28,0,0.254
0,2011,325,822,310.568,773.444,65.5858,14.69,1010,1.959,59.22,13.22,0.293,2.678,306.168,817.275,47.3030,313.165,765,71.53,131.1,15.53,13.24,77.71,0,0.254
0,2011,325,823,312.332,772.682,65.6039,14.83,1010,1.786,83.9,13.57,0.318,2.145,308.003,816.532,47.2735,315.751,767.4,71.38,131.3,15.65,13.25,76.77,0,0.254
0,2011,325,824,314.569,772.291,65.9859,14.61,1010,1.573,81.2,17.9,0.295,2.145,310.215,815.888,47.5988,319.673,770.2,71.22,131.5,15.75,13.25,75.11,0,0.254
0,2011,325,825,316.155,773.019,65.3622,14.46,1010,1.892,65.55,7.176,0.23,2.412,311.799,816.392,46.9349,321.396,772.5,71.07,131.7,15.87,13.25,77.96,0,0.254
0,2011,325,826,318.742,773.999,65.6630,14.68,1010,1.639,81.5,16.51,0.278,2.145,314.470,817.494,47.1685,323.982,774.2,70.91,131.9,15.97,13.25,77.44,0,0.254
0,2011,325,827,321.030,773.082,66.2917,14.59,1010,1.719,90.6,12.69,0.213,2.145,316.765,816.438,47.7401,325.834,776.6,70.76,132.1,16.07,13.24,76.11,0,0.254
0,2011,325,828,322.165,769.05,66.8203,14.38,1010,1.719,93.2,14.79,0.331,2.412,317.890,812.132,48.2409,326.523,779.2,70.61,132.2,16.17,13.25,76.16,0,0.254
0,2011,325,829,325.477,771.108,67.5091,14.09,1010,1.706,80.5,20.01,0.34,2.145,321.146,813.935,48.8503,329.540,781.5,70.46,132.4,16.27,13.25,77.74,0,0.254
0,2011,325,830,327.230,770.092,67.6743,14.27,1010,1.892,87.8,7.862,0.245,2.412,322.982,812.977,48.9711,330.919,783,70.3,132.6,16.36,13.25,78.85,0,0.254
0,2011,325,831,329.166,768.648,68.1726,14.38,1010,1.906,82.2,15.9,0.237,2.412,324.983,811.551,49.4217,332.770,785,70.15,132.8,16.45,13.26,78.37,0,0.254
0,2011,325,832,332.697,776.180,67.2167,14.37,1010,1.719,89.8,10.41,0.272,2.145,328.529,819.063,48.382,335.786,787.1,70,133,16.54,13.26,77.26,0,0.254
0,2011,325,833,335.601,779.340,67.1128,14.32,1010,1.693,84.3,15.26,0.268,2.412,331.448,822.154,48.2102,338.844,789.4,69.85,133.2,16.64,13.27,77.29,0,0.254
0,2011,325,834,338.114,777.110,68.4908,14.47,1010,1.413,77.97,21.85,0.221,1.879,334.032,819.997,49.5289,340.565,791,69.7,133.4,16.74,13.25,77.94,0,0.254
0,2011,325,835,341.834,778.622,69.7733,14.52,1010,1.573,78.78,12.54,0.256,2.145,337.787,821.549,50.7266,343.969,793.1,69.55,133.6,16.81,13.27,77.61,0,0.254
0,2011,325,836,348.582,785.440,72.2187,14.74,1010,1.906,96.6,12.5,0.291,2.145,344.586,828.641,53.0216,350.647,794.5,69.4,133.8,16.91,13.28,76.79,0,0.254
0,2011,325,837,352.609,783.726,74.9429,14.59,1010,1.147,84.2,19.93,0.302,1.879,348.590,826.809,55.6593,354.524,797.1,69.25,134,16.99,13.29,75.24,0,0.254
0,2011,325,838,355.146,784.123,75.4349,14.49,1010,1.213,74.75,17.63,0.215,1.613,351.134,827.084,56.0972,356.591,799.2,69.1,134.2,17.09,13.29,77.09,0,0.254
0,2011,325,839,357.113,783.535,75.7242,14.75,1010,0.787,71.8,31.9,0.237,1.346,353.216,826.654,56.3426,358.699,800,68.95,134.4,17.19,13.28,76.56,0,0.254
0,2011,325,840,357.876,777.092,76.9358,14.95,1010,1.413,87.3,15.99,0.325,2.145,354.090,820.280,57.5360,359.256,802,68.81,134.5,17.29,13.28,76.1,0,0.254
0,2011,325,841,357.749,765.411,79.2078,15.03,1010,1.187,97.1,18.8,0.213,1.613,354.046,808.538,59.8105,359.081,804,68.66,134.7,17.39,13.28,75.09,0,0.254
0,2011,325,842,351.984,735.559,82.5383,14.66,1010,1.44,106.6,10.35,0.193,1.879,348.282,778.065,63.2659,353.257,806,68.51,134.9,17.49,13.26,74.79,0,0.254
0,2011,325,843,366.325,765.398,84.1398,14.38,1010,1.559,90.3,14.21,0.136,1.879,362.473,808.035,64.5681,367.526,808,68.37,135.1,17.59,13.28,76.8,0,0.254
0,2011,325,844,372.240,777.349,83.8110,14.39,1010,1.666,77.91,16.1,0.216,2.145,368.399,820.062,64.1213,373.13,810,68.22,135.3,17.66,13.29,77.79,0,0.254
0,2011,325,845,374.986,781.112,83.3328,14.71,1010,1.546,79.7,26.02,0.186,1.879,371.277,824.064,63.5868,375.930,811,68.08,135.5,17.75,13.3,77.36,0,0.254
0,2011,325,846,380.234,789.665,83.5389,14.82,1010,0.947,73.77,21.08,0.133,1.08,376.577,832.758,63.6910,380.973,813,67.93,135.7,17.84,13.3,75.04,0,0.254
0,2011,325,847,382.844,785.628,85.8325,14.61,1010,1.093,95.2,16.12,0.259,1.613,379.164,828.521,65.9362,383.601,815,67.79,135.9,17.93,13.3,76.04,0,0.254
0,2011,325,848,379.154,759.715,90.1920,14.64,1010,1.053,77.48,26.42,0.205,1.346,375.569,802.406,70.3684,379.803,816,67.64,136.1,18.01,13.31,76.94,0,0.254
0,2011,325,849,361.600,705.125,91.7665,14.77,1010,1.093,74.11,19.51,0.178,1.346,358.245,747.269,72.2838,361.478,817,67.5,136.3,18.1,13.29,76.96,0,0.254
0,2011,325,850,334.061,636.495,89.0224,14.83,1010,1.4,85.8,10.42,0.391,2.145,330.986,677.562,70.1373,333.324,819,67.36,136.5,18.19,13.25,77.26,0,0.254
0,2011,325,851,333.677,628.166,90.4359,14.96,1010,1.04,83.1,16.08,0.193,1.346,330.69,669.186,71.5643,333.191,821,67.22,136.7,18.26,13.24,75.01,0,0.254
0,2011,325,852,302.326,549.102,88.4332,14.87,1010,1.227,65.55,19.22,0.178,1.613,299.593,588.556,70.3324,301.547,823,67.07,136.9,18.34,13.21,75.61,0,0.254
0,2011,325,853,376.762,736.390,88.2143,14.98,1010,1.653,86.6,9.75,0.295,2.145,373.590,778.751,68.4450,376.208,824,66.93,137.1,18.42,13.24,76.64,0,0.254
0,2011,325,854,395.887,781.567,87.9125,15.02,1010,1.466,75.51,14.5,0.197,1.879,392.659,824.495,67.7682,395.127,825,66.79,137.4,18.47,13.3,75.19,0,0.254
0,2011,325,855,395.445,768.249,90.9876,15.03,1010,1.28,79.02,18.86,0.356,1.879,392.280,811.072,70.8520,394.348,827,66.65,137.6,18.55,13.3,76.33,0,0.254
0,2011,325,856,378.901,717.307,93.0576,15.23,1010,1.053,81,13.1,0.291,1.613,375.957,759.64,73.2423,377.359,828,66.51,137.8,18.6,13.3,75.4,0,0.254
0,2011,325,857,374.857,704.562,92.5136,15.22,1010,1.413,110.1,27.64,0.375,2.145,371.987,746.689,72.7615,373.130,830,66.38,138,18.66,13.26,74.44,0,0.254
0,2011,325,858,379.037,713.693,91.4263,14.82,1010,1.227,87.4,14.58,0.245,1.613,376.075,755.530,71.605,376.575,832,66.24,138.2,18.74,13.27,75.21,0,0.254
0,2011,325,859,415.681,791.469,95.0170,14.78,1010,1.599,113.8,14.11,0.157,1.879,412.546,834.298,74.5296,413.34,833,66.1,138.4,18.82,13.31,76.59,0,0.254
0,2011,325,900,381.520,687.864,101.375,14.68,1010,1.36,103,19.18,0.285,1.879,378.612,729.409,81.5445,378.464,834,65.96,138.6,18.88,13.31,76.11,0,0.254
0,2011,325,901,330.393,546.598,106.564,14.62,1010,1.759,110.5,10.39,0.309,2.145,327.820,586.207,87.7706,327.425,836,65.83,138.8,18.93,13.22,75.76,0,0.254
0,2011,325,902,377.142,653.703,108.017,14.37,1010,1.426,117.5,11.27,0.305,2.145,374.265,694.793,88.2245,373.716,838,65.69,139,18.99,13.24,76.76,0,0.254
0,2011,325,903,411.966,728.160,110.623,14.23,1010,0.8,76.36,39.07,0.245,1.346,408.901,770.101,90.2021,408.628,839,65.56,139.2,19.04,13.28,76.83,0,0.254
0,2011,325,904,439.796,780.778,115.032,14.27,1010,0.867,81.8,31.35,0.16,1.346,436.652,823.4,94.1578,436.212,840,65.42,139.4,19.08,13.33,77.3,0,0.254
0,2011,325,905,453.301,787.842,123.899,14.44,1010,1.559,97.6,22.91,0.274,2.145,450.211,830.864,102.821,449.656,841,65.29,139.6,19.12,13.33,77.7,0,0.254
0,2011,325,906,471.632,814.739,129.271,14.7,1010,1.799,62.8,11.66,0.338,2.412,468.612,858.364,107.920,468.016,842,65.15,139.9,19.17,13.35,77.47,0,0.254
0,2011,325,907,471.193,810.572,128.88,15.24,1010,1.44,87.9,25.1,0.44,2.412,468.443,854.614,107.531,467.583,843,65.02,140.1,19.22,13.35,76.28,0,0.254
0,2011,325,908,467.203,812.650,122.309,15.31,1010,1.4,71.99,14.16,0.247,1.879,464.559,856.592,101.016,464.304,845,64.89,140.3,19.27,13.35,73.78,0,0.254
0,2011,325,909,456.52,807.178,112.269,15.6,1010,1.879,60.02,16.92,0.206,2.145,454.083,851.028,91.1298,453.613,846,64.76,140.5,19.32,13.35,74.92,0,0.254
0,2011,325,910,444.988,802.318,101.148,16.05,1010,1.56,90.4,13.48,0.287,1.879,442.814,846.174,80.1789,442.146,846,64.62,140.7,19.42,13.34,73.35,0,0.254
0,2011,325,911,432.388,774.351,98.9489,15.77,1010,1.533,74.81,28.72,0.43,2.412,430.209,817.521,78.1797,429.472,848,64.49,140.9,19.48,13.32,71.55,0,0.254
0,2011,325,912,357.917,582.661,105.868,15.82,1010,1.719,48.95,12.08,0.258,2.145,356.051,623.094,86.5089,355.206,849,64.36,141.2,19.56,13.29,74.2,0,0.254
0,2011,325,913,341.395,535.509,108.612,16.19,1010,1.32,54.16,21.34,0.356,1.879,339.733,575.566,89.5383,338.697,850,64.23,141.4,19.63,13.24,72.97,0,0.254
0,2011,325,914,264.588,369.820,103.104,16.26,1010,1.093,39.93,17.75,0.132,1.346,263.239,405.651,86.1077,261.887,852,64.11,141.6,19.69,13.19,71.17,0,0.254
0,2011,325,915,328.283,529.354,95.9672,16.18,1010,1.107,66.33,29.23,0.251,1.613,326.753,568.262,77.3649,325.419,853,63.98,141.8,19.77,13.17,71.3,0,0.254
0,2011,325,916,452.387,813.688,93.7717,15.93,1010,1.56,97.3,13.82,0.199,1.879,450.484,857.211,72.6868,449.207,854,63.85,142,19.82,13.3,70.56,0,0.254
0,2011,325,917,460.623,821.950,96.7212,15.57,1010,1.28,91.8,17.56,0.221,1.613,458.621,865.326,75.5160,456.964,856,63.72,142.2,19.86,13.33,71.49,0,0.254
0,2011,325,918,403.929,650.973,114.513,15.27,1010,0.88,81.6,24.49,0.204,1.08,402.033,692.178,94.2947,400.328,857,63.6,142.5,19.92,13.32,72.11,0,0.254
0,2011,325,919,340.313,461.636,134.144,15.11,1010,1.04,99.4,29.06,0.211,1.346,338.602,500.459,115.093,336.796,858,63.47,142.7,19.97,13.24,73.76,0,0.254
0,2011,325,920,417.749,603.003,147.196,14.96,1010,0.502,105.3,42.35,0.395,1.08,415.803,644.300,126.723,413.645,860,63.35,142.9,20.01,13.24,73.2,0,0.254
0,2011,325,921,407.399,560.619,154.841,14.87,1010,0.76,64.58,15.18,0.289,1.346,405.495,601.556,134.493,403.343,861,63.22,143.1,20.04,13.3,74.65,0,0.254
0,2011,325,922,289.617,296.243,155.588,15.14,1010,1.08,91.4,20.99,0.238,1.346,288.190,332.362,137.819,286.366,861,63.1,143.4,20.09,13.21,75.11,0,0.254
0,2011,325,923,269.024,268.632,146.955,15.14,1010,0.854,129.1,42.82,0.152,1.08,267.700,303.521,129.777,266.022,862,62.97,143.6,20.13,13.16,73.76,0,0.254
0,2011,325,924,301.308,360.925,136.595,14.98,1010,0.934,119.8,22.11,0.157,1.346,299.875,397.416,118.510,298.132,864,62.85,143.8,20.15,13.16,73.99,0,0.254
0,2011,325,925,360.964,535.438,115.621,14.79,1010,1.107,146,11.61,0.143,1.346,359.340,574.397,96.1467,357.267,865,62.73,144,20.18,13.22,75.08,0,0.254
0,2011,325,926,449.039,768.180,95.6198,14.73,1010,0.84,152.1,23.56,0.186,1.346,447.224,809.947,74.5887,444.805,866,62.61,144.3,20.2,13.28,75.99,0,0.254
0,2011,325,927,460.815,820.064,82.0012,14.87,1010,0.8,58.07,19.08,0.157,1.08,459.075,862.218,60.7885,456.959,866,62.49,144.5,20.2,13.31,76.39,0,0.254
0,2011,325,928,461.659,826.863,78.1719,15.05,1010,1.12,65.08,21.34,0.307,1.613,460.034,869.128,56.9451,457.692,867,62.37,144.7,20.21,13.33,76.2,0,0.254
0,2011,325,929,461.477,827.120,76.3487,15.51,1010,1.36,47.77,10.17,0.245,1.613,460.074,869.695,55.1213,457.560,868,62.25,144.9,20.25,13.33,76.2,0,0.254
0,2011,325,930,465.503,833.159,76.0474,16,1010,1.639,50.03,11.7,0.143,1.879,464.329,876.193,54.7580,461.740,868,62.13,145.2,20.28,13.33,73.9,0,0.254
0,2011,325,931,468.711,839.987,74.536,16.43,1010,1.44,89.6,23.04,0.397,2.145,467.749,883.409,53.1972,465.444,869,62.01,145.4,20.34,13.32,72.13,0,0.254
0,2011,325,932,470.946,843.225,73.7289,16.24,1010,1.267,109.8,16.94,0.293,1.613,469.960,886.497,52.3583,467.168,871,61.9,145.6,20.42,13.34,70.26,0,0.254
0,2011,325,933,473.127,845.063,73.5291,15.87,1010,0.894,89.9,27.6,0.387,1.879,472.046,888.033,52.1286,469.408,872,61.78,145.9,20.48,13.34,70.48,0,0.254
0,2011,325,934,475.295,843.424,74.9702,15.75,1010,1.4,86.6,13.19,0.16,1.613,474.212,886.295,53.5389,471.474,873,61.66,146.1,20.52,13.34,71.85,0,0.254
0,2011,325,935,477.448,844.653,75.0520,15.88,1010,1.386,77.99,14.93,0.127,1.613,476.464,887.641,53.5888,473.584,874,61.55,146.3,20.57,13.34,73.26,0,0.254
0,2011,325,936,480.707,849.511,74.5112,16.07,1010,0.475,112.7,8.78,0.418,1.08,479.843,892.692,53.0002,477.031,874,61.44,146.6,20.62,13.35,71.91,0,0.254
0,2011,325,937,484.638,852.561,75.4973,16.03,1010,1.291,119,24.02,0.805,2.412,483.807,895.768,53.9307,480.823,876,61.32,146.8,20.68,13.35,70.86,0,0.254
0,2011,325,938,486.477,856.328,74.0445,15.7,1010,2.026,123.9,27.11,0.331,2.678,485.559,899.251,52.4534,483.193,877,61.21,147,20.74,13.35,71.96,0,0.254
0,2011,325,939,486.528,854.791,73.3691,15.56,1010,1.426,67.91,13.62,0.19,1.879,485.601,897.544,51.7774,483.366,878,61.1,147.3,20.81,13.35,73.49,0,0.254
0,2011,325,940,488.054,852.507,74.5441,15.8,1010,1.067,82.6,18.64,0.214,1.346,487.270,895.454,52.9291,484.789,878,60.98,147.5,20.85,13.35,72.42,0,0.254
0,2011,325,941,491.681,858.135,73.9984,15.8,1010,1.839,78.67,10.32,0.44,2.412,490.943,901.130,52.3324,488.237,879,60.87,147.7,20.91,13.35,71.81,0,0.254
0,2011,325,942,494.000,862.952,72.5297,15.94,1010,1.706,65.02,12.75,0.283,2.412,493.363,906.078,50.8303,490.737,880,60.76,148,20.95,13.35,71.78,0,0.254
0,2011,325,943,495.220,860.013,73.7545,16.21,1010,1.959,65.47,13.26,0.24,2.412,494.739,903.347,52.0361,492.028,881,60.65,148.2,21.03,13.35,71.6,0,0.254
0,2011,325,944,493.514,854.792,73.1947,16.51,1010,1.706,73.5,13.97,0.174,2.145,493.194,898.266,51.4977,490.476,881,60.55,148.5,21.11,13.35,71,0,0.254
0,2011,325,945,492.771,852.943,71.9591,16.69,1010,1.36,89.3,12.49,0.259,1.879,492.567,896.489,50.2707,489.699,882,60.44,148.7,21.16,13.35,69.47,0,0.254
0,2011,325,946,491.676,845.818,73.0029,16.41,1010,1.346,83.9,15.8,0.188,1.879,491.399,889.043,51.3306,488.493,883,60.33,148.9,21.21,13.35,67.95,0,0.254
0,2011,325,947,489.532,838.769,73.0015,16.15,1010,1.44,101.4,13.49,0.152,1.613,489.187,881.654,51.3599,486.769,884,60.22,149.2,21.25,13.35,70.22,0,0.254
0,2011,325,948,499.590,856.832,72.7138,15.91,1010,1.2,132.7,37.51,0.297,1.879,499.203,899.771,50.9343,496.380,885,60.12,149.4,21.33,13.35,70.63,0,0.254
0,2011,325,949,508.444,872.055,72.6020,15.97,1010,1.813,169.7,12.21,0.265,2.412,508.133,915.254,50.7006,505.389,885,60.01,149.7,21.38,13.36,72.01,0,0.254
0,2011,325,950,511.523,873.841,73.4128,16.08,1010,1.44,139.5,9.46,0.35,2.145,511.305,917.175,51.4685,508.492,886,59.91,149.9,21.44,13.36,70.91,0,0.254
0,2011,325,951,512.512,875.244,72.3320,15.81,1010,1.04,160.5,11.29,0.242,1.613,512.224,918.331,50.3753,509.269,887,59.81,150.1,21.49,13.36,70.34,0,0.254
0,2011,325,952,512.506,871.229,73.0034,15.63,1010,1.16,176.7,10.89,0.224,1.613,512.183,914.112,51.0472,509.442,888,59.7,150.4,21.55,13.36,71.93,0,0.254
0,2011,325,953,513.232,869.644,73.1978,15.7,1010,1.12,171.6,34.61,0.152,1.346,512.977,912.553,51.2309,510.176,889,59.6,150.6,21.6,13.36,71.75,0,0.254
0,2011,325,954,516.313,873.374,73.0606,15.71,1010,0.974,191.6,21.71,0.272,1.346,516.107,916.336,51.0515,513.194,889,59.5,150.9,21.66,13.36,73.08,0,0.254
0,2011,325,955,520.753,879.725,72.9507,15.86,1010,0.421,231.1,26.22,0.423,1.346,520.655,922.891,50.8805,517.158,890,59.4,151.1,21.71,13.37,71.94,0,0.254
0,2011,325,956,522.553,880.035,73.2766,16.03,1010,0.219,164,10.7,0.268,0.547,522.573,923.356,51.1807,519.657,890,59.3,151.4,21.77,13.36,72.78,0,0.254
0,2011,325,957,522.263,876.000,73.7498,16.22,1010,1.093,77.37,14.77,0.23,1.346,522.402,919.423,51.6562,519.739,891,59.2,151.6,21.84,13.36,71.11,0,0.254
0,2011,325,958,523.635,874.644,74.5441,16.14,1010,0.987,91.3,13.37,0.211,1.346,523.778,917.988,52.4321,520.513,892,59.11,151.9,21.93,13.36,70.56,0,0.254
0,2011,325,959,524.530,875.695,73.6251,16,1010,0.15,51.47,8.07,0.266,0.814,524.653,918.900,51.5014,521.460,893,59.01,152.1,21.99,13.36,70.76,0,0.254
0,2011,325,1000,525.437,876.476,72.8659,16.03,1010,1.306,30.46,16.79,0.27,1.613,525.612,919.687,50.7293,522.753,893,58.91,152.4,22.06,13.36,72.32,0,0.254
0,2011,325,1001,527.513,877.404,73.2059,16.53,1010,1.027,16.21,14.49,0.16,1.346,527.948,921.057,51.0381,524.648,893,58.82,152.6,22.13,13.36,73.07,0,0.254
0,2011,325,1002,529.986,881.789,72.1610,16.98,1010,0.587,326,22.23,0.196,1.08,530.658,925.849,49.9571,527.361,893,58.72,152.9,22.18,13.37,70.97,0,0.254
0,2011,325,1003,531.279,877.206,74.6060,16.79,1010,0.287,309.4,15.99,0.293,0.814,531.906,921.093,52.3854,528.779,895,58.63,153.1,22.25,13.36,68.35,0,0.254
0,2011,325,1004,533.539,878.456,75.0054,16.38,1010,0.492,322.8,18.19,0.221,0.814,534.032,922.025,52.7565,530.760,896,58.54,153.4,22.32,13.37,69.79,0,0.254
0,2011,325,1005,534.818,880.013,74.2632,16.41,1010,0.734,323.3,42.09,0.19,1.08,535.363,923.600,51.9966,532.264,896,58.44,153.6,22.39,13.37,72.83,0,0.254
0,2011,325,1006,529.943,870.569,73.1474,16.53,1010,0.599,327,13.45,0.251,1.08,530.560,914.058,50.9448,527.648,896,58.35,153.9,22.47,13.36,71.13,0,0.254
0,2011,325,1007,526.048,858.286,74.5341,16.41,1010,1.107,356.8,19.65,0.221,1.346,526.635,901.507,52.3841,523.810,897,58.26,154.1,22.54,13.36,72.01,0,0.254
0,2011,325,1008,540.434,883.493,74.4814,16.63,1010,0.96,352.6,31.64,0.245,1.346,541.193,927.300,52.1373,537.769,897,58.17,154.4,22.62,13.37,72.73,0,0.254
0,2011,325,1009,543.898,885.401,75.7808,16.89,1010,1.067,11.15,30.77,0.157,1.346,544.817,929.492,53.3886,541.771,897,58.08,154.7,22.68,13.37,72.73,0,0.254
0,2011,325,1010,543.975,887.206,73.7480,17.29,1010,1.067,355.5,13.69,0.273,1.613,545.105,931.594,51.3520,541.422,897,57.99,154.9,22.77,13.37,71.57,0,0.254
0,2011,325,1011,549.479,894.647,74.1516,17.44,1010,0.761,349.1,18.97,0.181,1.08,550.732,939.299,51.6810,546.932,898,57.91,155.2,22.83,13.38,69.57,0,0.254
0,2011,325,1012,552.229,895.308,75.4060,17.34,1010,0.491,322.8,20.06,0.266,0.814,553.482,939.922,52.8990,549.601,899,57.82,155.4,22.91,13.38,68.98,0,0.254
0,2011,325,1013,552.491,894.394,75.0235,16.96,1010,0.451,275.4,16.87,0.233,0.814,553.605,938.644,52.5149,549.943,900,57.73,155.7,22.97,13.38,69.9,0,0.254
0,2011,325,1014,552.367,890.313,75.9627,16.61,1010,0.342,253.1,17.81,0.285,0.814,553.35,934.207,53.4574,549.464,901,57.65,155.9,23.05,13.38,70.62,0,0.254
0,2011,325,1015,554.745,889.356,77.7629,16.51,1010,0.109,306.7,15.26,0.219,0.547,555.724,933.203,55.2261,552.347,901,57.57,156.2,23.12,13.37,71.28,0,0.254
0,2011,325,1016,552.065,884.997,76.3377,16.48,1010,0.205,12,10.56,0.285,0.814,553.050,928.689,53.8364,549.629,902,57.48,156.5,23.19,13.38,72.04,0,0.254
0,2011,325,1017,552.125,883.129,76.3310,16.63,1010,0.219,153.7,43.98,0.268,0.547,553.208,926.909,53.8276,550.180,902,57.4,156.7,23.27,13.37,72.54,0,0.254
0,2011,325,1018,555.636,885.987,77.2428,16.88,1010,0.744,112.4,44.38,0.433,1.346,556.875,930.048,54.6908,553.709,902,57.32,157,23.34,13.38,71.69,0,0.254
0,2011,325,1019,564.035,895.533,79.4282,16.97,1010,1.053,176.1,56.5,0.278,1.613,565.382,939.905,56.7634,561.849,903,57.24,157.2,23.4,13.38,71.12,0,0.254
0,2011,325,1020,566.524,897.038,80.0615,16.9,1010,1.36,239.1,61.69,0.39,1.879,567.876,941.386,57.3637,564.081,904,57.16,157.5,23.45,13.39,69.17,0,0.254
0,2011,325,1021,571.434,902.609,80.9136,16.63,1010,0.907,64.76,90.6,0.329,1.613,572.711,946.843,58.1517,569.075,905,57.08,157.8,23.51,13.39,69.75,0,0.254
0,2011,325,1022,570.633,895.823,82.7801,16.68,1010,1.613,281.2,48.62,0.571,2.678,571.954,940.028,60.0283,568.208,905,57,158,23.55,13.38,70.2,0,0.254
0,2011,325,1023,571.995,893.133,84.5996,16.53,1010,0.542,296.5,30.52,0.452,1.346,573.281,937.213,61.8301,569.277,906,56.93,158.3,23.6,13.39,68.87,0,0.254
0,2011,325,1024,581.685,893.963,92.8418,16.27,1010,0.772,196.3,67.74,0.511,1.613,582.915,938.086,69.9443,579.184,907,56.85,158.6,23.62,13.4,71.27,0,0.254
0,2011,325,1025,580.893,873.138,102.477,16.3,1010,1.799,222.9,21.27,0.378,2.412,582.159,917.219,79.5890,578.188,907,56.78,158.8,23.67,13.4,71.52,0,0.254
0,2011,325,1026,441.504,622.239,99.9249,16.04,1010,1.036,229.5,16.54,0.873,2.412,442.226,660.417,79.6883,439.131,908,56.7,159.1,23.68,13.37,71.57,0,0.254
0,2011,325,1027,110.925,48.8754,84.0534,15.92,1010,1.852,243.5,13.9,0.278,2.412,110.890,65.0848,75.1031,109.362,908,56.63,159.4,23.71,13.09,71.45,0,0.254
0,2011,325,1028,78.9596,0,78.9596,15.56,1010,0.379,257.4,8.3,0.515,1.346,78.8903,1.51344,78.0560,77.4748,909,56.56,159.6,23.72,12.99,72.45,0,0.254
0,2011,325,1029,275.862,334.463,91.0904,15.56,1010,0.192,225.6,12.62,0.261,0.547,276.218,356.667,79.1819,273.357,909,56.48,159.9,23.72,12.97,74.88,0,0.254
0,2011,325,1030,608.229,912.981,103.170,15.83,1010,1.385,226.9,11.74,0.551,1.879,609.505,957.322,79.9158,605.313,909,56.41,160.2,23.71,13.34,74.23,0,0.254
0,2011,325,1031,609.181,920.218,99.1852,15.78,1010,1.52,220.5,17.04,0.329,1.879,610.460,964.508,75.9185,606.171,910,56.34,160.4,23.67,13.4,71.97,0,0.254
0,2011,325,1032,606.805,917.696,97.2957,15.65,1010,0.408,245.9,13.34,0.397,1.08,608.038,961.765,74.0618,603.496,911,56.28,160.7,23.62,13.41,72.71,0,0.254
0,2011,325,1033,610.530,923.689,96.7841,15.8,1010,1.679,228.9,9.88,0.251,2.145,611.874,967.971,73.4983,607.587,911,56.21,161,23.6,13.42,72.59,0,0.254
0,2011,325,1034,615.045,911.894,106.973,15.61,1010,1.599,219.2,14.25,0.425,2.412,616.334,956.110,83.6269,611.936,911,56.14,161.3,23.58,13.43,72.05,0,0.254
0,2011,325,1035,612.883,907.787,106.229,15.47,1010,1.52,233.1,8.37,0.127,1.613,614.121,951.781,82.9132,609.693,912,56.07,161.5,23.55,13.42,73.36,0,0.254
0,2011,325,1036,394.953,534.673,96.1296,15.62,1010,1.36,207.3,23.98,0.245,1.879,395.646,565.834,79.4046,393.133,912,56.01,161.8,23.55,13.38,74.41,0,0.254
0,2011,325,1037,82.5849,0,82.5849,15.77,1010,1.452,215.7,18.76,0.733,2.678,82.5580,0.491525,82.2827,81.3493,912,55.95,162.1,23.55,13.04,73.54,0,0.254
0,2011,325,1038,80.2558,0,80.2558,15.62,1010,1.346,207.7,15.91,0.304,2.145,80.2217,0.372062,80.0131,78.9363,913,55.88,162.3,23.55,12.99,72.59,0,0.254
0,2011,325,1039,77.2553,0,77.2553,15.53,1010,1.759,197.2,21.9,0.372,2.412,77.2180,0.890800,76.7173,75.9200,913,55.82,162.6,23.51,12.96,75.05,0,0.254
0,2011,325,1040,289.490,352.733,90.9352,15.75,1010,1.773,193.7,31.75,0.341,2.412,289.973,378.001,77.1968,286.444,913,55.76,162.9,23.48,13.01,75.4,0,0.254
0,2011,325,1041,590.448,880.681,94.1453,15.86,1010,1.373,204.8,22.75,0.166,1.613,591.918,924.135,71.1270,586.417,913,55.7,163.2,23.41,13.31,73.2,0,0.254
0,2011,325,1042,598.989,901.597,90.1139,15.85,1010,1.306,206.4,28.33,0.211,1.613,600.511,945.281,66.9802,595.378,914,55.64,163.4,23.34,13.33,73.21,0,0.254
0,2011,325,1043,608.323,919.288,88.7051,16,1010,1.613,215.2,15.46,0.119,1.879,609.979,963.368,65.4449,604.942,914,55.58,163.7,23.28,13.4,72.3,0,0.254
0,2011,325,1044,605.615,907.273,92.0349,15.98,1010,1.506,212,29.99,0.244,1.879,607.267,951.217,68.8114,602.442,915,55.52,164,23.21,13.41,70.54,0,0.254
0,2011,325,1045,607.318,914.070,89.1441,16.28,1010,1.719,256.3,27.43,0.258,2.145,609.143,958.303,65.8953,604.639,915,55.47,164.3,23.15,13.41,71.5,0,0.254
0,2011,325,1046,611.83,921.537,88.6863,16.6,1010,0.204,300.5,25.03,0.32,0.814,613.856,966.172,65.3738,609.205,915,55.41,164.5,23.12,13.41,70.5,0,0.254
0,2011,325,1047,617.505,926.284,90.9389,16.83,1010,1.599,209.9,17.57,0.531,2.412,619.696,971.287,67.5471,615.021,915,55.36,164.8,23.1,13.41,69.24,0,0.254
0,2011,325,1048,628.031,933.262,96.7776,16.82,1010,2.691,194.8,11.53,0.331,3.211,630.292,978.581,73.2413,625.879,916,55.3,165.1,23.08,13.42,68.42,0,0.254
0,2011,325,1049,634.673,940.577,98.5570,16.54,1010,1.866,227.1,19.31,0.39,2.678,636.841,985.831,74.9308,632.126,917,55.25,165.4,23.07,13.43,68,0,0.254
0,2011,325,1050,630.808,934.062,97.7123,16.11,1010,1.706,217.6,22.49,0.34,2.412,632.752,978.767,74.1423,627.903,917,55.2,165.7,23.05,13.43,70.34,0,0.254
0,2011,325,1051,628.729,929.539,97.5376,16.09,1010,2.225,216.9,11.98,0.378,2.944,630.666,974.123,73.9962,625.791,917,55.15,165.9,23.05,13.42,71.39,0,0.254
0,2011,325,1052,460.612,626.024,102.474,16.06,1010,1.813,208.3,26.24,0.385,2.678,461.882,662.998,82.5897,457.753,917,55.1,166.2,23.04,13.43,71.85,0,0.254
0,2011,325,1053,380.407,451.82,121.593,16.41,1010,2.918,191,37.21,0.635,3.743,381.369,487.839,101.921,377.999,917,55.05,166.5,23.04,13.24,71.76,0,0.254
0,2011,325,1054,455.776,569.620,129.021,16.28,1010,2.345,209.5,14.41,0.468,3.211,457.084,607.546,108.575,452.798,917,55,166.8,23.02,13.24,70.45,0,0.254
0,2011,325,1055,646.067,902.125,128.053,16.07,1010,1.333,180.4,52.92,0.285,1.613,648.144,947.161,104.269,642.335,918,54.96,167.1,23,13.39,71.6,0,0.254
0,2011,325,1056,640.534,916.708,113.548,16.38,1010,2.239,203.8,25.98,0.528,3.211,642.762,961.825,89.8399,637.854,917,54.91,167.3,22.95,13.43,72.77,0,0.254
0,2011,325,1057,631.305,919.357,102.208,16.54,1010,2.026,227.9,46.48,0.473,3.211,633.584,964.293,78.6265,628.806,918,54.86,167.6,22.92,13.42,69.59,0,0.254
0,2011,325,1058,613.980,893.657,99.1110,16.64,1010,1.866,232.6,43.91,0.604,2.678,616.230,938.085,75.7648,611.011,918,54.82,167.9,22.9,13.42,69.71,0,0.254
0,2011,325,1059,636.979,936.914,96.6185,16.67,1010,1.44,206.3,23.49,0.242,1.879,639.383,982.107,72.9573,634.364,919,54.78,168.2,22.87,13.43,67.83,0,0.254
0,2011,325,1100,627.593,922.851,94.8036,16.66,1010,1.16,186.3,43.85,0.268,1.879,629.955,967.701,71.2719,624.798,920,54.74,168.5,22.85,13.43,67.7,0,0.254
0,2011,325,1101,620.705,918.125,90.1077,16.64,1010,1.333,188.4,60.16,0.381,2.145,623.030,962.702,66.6706,618.163,920,54.7,168.8,22.84,13.42,68.93,0,0.254
0,2011,325,1102,618.662,922.104,85.2414,16.72,1010,1.813,173.8,36.2,0.428,2.678,621.027,966.660,61.8316,616.482,919,54.66,169,22.83,13.42,70.36,0,0.254
0,2011,325,1103,618.897,926.274,82.5522,17.05,1010,1.693,180.8,28.48,0.148,1.879,621.444,971.112,59.1367,616.999,919,54.62,169.3,22.81,13.42,70.42,0,0.254
0,2011,325,1104,619.621,930.270,80.4611,17.23,1010,1.52,216.8,83.4,0.227,1.879,622.278,975.276,57.0342,617.387,919,54.58,169.6,22.81,13.42,68.78,0,0.254
0,2011,325,1105,619.903,930.814,79.9472,17.14,1010,2.398,212,15.38,0.417,3.211,622.529,975.731,56.5169,617.947,919,54.54,169.9,22.81,13.43,69.58,0,0.254
0,2011,325,1106,619.687,928.649,80.5189,16.98,1010,2.532,210.7,18.21,0.542,3.477,622.237,973.39,57.0926,617.473,920,54.51,170.2,22.81,13.43,68.12,0,0.254
0,2011,325,1107,617.554,922.570,81.4597,16.66,1010,2.225,224.5,15.08,0.348,2.678,619.942,966.940,58.0646,615.405,920,54.47,170.5,22.81,13.43,68.87,0,0.254
0,2011,325,1108,616.636,918.735,82.3268,16.57,1010,1.719,222.4,14.39,0.213,2.145,618.983,962.976,58.9448,613.897,921,54.44,170.7,22.8,13.43,69.38,0,0.254
0,2011,325,1109,619.846,922.316,83.0257,16.53,1010,1.759,200.4,30.48,0.23,2.145,622.199,966.606,59.5999,617.434,921,54.41,171,22.78,13.43,69.07,0,0.254
0,2011,325,1110,619.941,918.037,85.1975,16.65,1010,1.892,191,34.26,0.297,2.678,622.367,962.423,61.7694,617.435,921,54.37,171.3,22.77,13.43,69.4,0,0.254
0,2011,325,1111,619.008,921.913,81.6106,16.76,1010,1.719,189.9,19.34,0.244,2.145,621.492,966.346,58.1945,616.446,921,54.34,171.6,22.75,13.44,69.2,0,0.254
0,2011,325,1112,618.835,926.118,78.6024,17,1010,1.346,182.4,23.51,0.337,1.879,621.452,970.744,55.1868,616.403,921,54.31,171.9,22.75,13.44,69.67,0,0.254
0,2011,325,1113,617.109,919.471,80.3794,17.37,1010,1.693,221.8,44.62,0.316,2.412,619.909,964.344,56.9848,615.154,921,54.29,172.2,22.75,13.43,67.37,0,0.254
0,2011,325,1114,615.482,917.941,79.2859,17.45,1010,1.36,193.7,71.52,0.273,1.879,618.324,962.819,55.9128,613.216,921,54.26,172.5,22.74,13.43,66.52,0,0.254
0,2011,325,1115,616.827,921.631,78.1281,17.48,1010,1.546,163.4,41.56,0.325,2.412,619.700,966.566,54.7364,614.293,922,54.23,172.8,22.74,13.42,65.31,0,0.254
0,2011,325,1116,617.163,921.156,78.4074,17.38,1010,1.693,231.5,42.77,0.358,2.412,619.992,965.995,55.0117,614.853,922,54.21,173,22.73,13.43,64.52,0,0.254
0,2011,325,1117,618.226,923.964,77.5182,16.98,1010,1.146,290.8,67.33,0.52,1.879,620.868,968.477,54.1105,615.714,923,54.18,173.3,22.73,13.43,64.22,0,0.254
0,2011,325,1118,620.565,925.499,78.6507,16.85,1010,1.12,230.3,75.05,0.36,1.879,623.162,969.964,55.2118,618.041,923,54.16,173.6,22.71,13.43,66.05,0,0.254
0,2011,325,1119,619.717,927.114,76.5624,16.96,1010,1.666,196.6,46.55,0.299,2.145,622.369,971.630,53.1343,617.610,923,54.14,173.9,22.73,13.42,66.51,0,0.254
0,2011,325,1120,620.979,928.733,76.5931,17.07,1010,1.626,202.3,38.12,0.273,2.145,623.703,973.381,53.1468,618.686,923,54.12,174.2,22.7,13.43,67.67,0,0.254
0,2011,325,1121,621.216,929.833,75.9179,17.25,1010,1.879,206.1,50.52,0.476,2.678,624.039,974.635,52.4670,618.861,922,54.09,174.5,22.7,13.43,67.88,0,0.254
0,2011,325,1122,620.172,926.458,76.6046,17.26,1010,2.199,211,30.24,0.434,3.211,622.998,971.219,53.1679,617.527,922,54.08,174.8,22.7,13.43,66.83,0,0.254
0,2011,325,1123,619.057,924.091,76.6420,17,1010,1.773,195.1,25.15,0.361,2.412,621.748,968.575,53.2224,616.580,923,54.06,175.1,22.68,13.43,66.49,0,0.254
0,2011,325,1124,619.949,924.217,77.2344,17.03,1010,1.879,180.7,37.71,0.421,2.944,622.666,968.748,53.8022,617.572,923,54.04,175.4,22.66,13.43,67.91,0,0.254
0,2011,325,1125,619.367,923.870,76.6442,17.27,1010,1.706,215.3,56.29,0.388,2.412,622.207,968.583,53.2183,617.012,923,54.02,175.6,22.64,13.43,66.82,0,0.254
0,2011,325,1126,620.757,927.583,75.6539,17.3,1010,1.693,212.1,41.18,0.338,2.412,623.626,972.360,52.2087,618.477,923,54.01,175.9,22.63,13.43,66.73,0,0.254
0,2011,325,1127,623.323,931.573,75.6886,17.22,1010,1.826,205.1,50.45,0.333,2.678,626.172,976.362,52.2087,620.977,923,53.99,176.2,22.6,13.43,66.31,0,0.254
0,2011,325,1128,623.230,931.932,75.2236,17.07,1010,1.453,163.8,38.74,0.196,1.879,626.007,976.581,51.7459,620.807,923,53.98,176.5,22.59,13.44,67.14,0,0.254
0,2011,325,1129,620.352,927.793,74.6219,17.19,1010,1.986,206.2,42.15,0.464,3.211,623.172,972.435,51.1828,618.180,923,53.97,176.8,22.56,13.44,66.39,0,0.254
0,2011,325,1130,621.494,929.964,74.3423,17.3,1010,2.092,214,31.79,0.418,3.211,624.384,974.741,50.8867,619.259,924,53.96,177.1,22.53,13.45,65.72,0,0.254
0,2011,325,1131,620.26,927.558,74.3929,17.36,1010,1.959,205.3,37.86,0.378,2.678,623.177,972.342,50.9538,618.400,924,53.95,177.4,22.53,13.46,65.73,0,0.254
0,2011,325,1132,620.037,926.830,74.4814,17.31,1010,2.052,238.1,26.6,0.388,2.678,622.928,971.556,51.0457,617.454,924,53.94,177.7,22.52,13.46,64.76,0,0.254
0,2011,325,1133,621.398,930.037,73.8519,17.08,1010,1.892,202.9,23.51,0.32,2.412,624.182,974.601,50.3991,619.093,925,53.93,178,22.5,13.46,64.61,0,0.254
0,2011,325,1134,620.554,931.685,71.9583,16.95,1010,2.092,188.3,20.8,0.322,2.678,623.267,976.101,48.5180,618.364,925,53.93,178.3,22.49,13.46,65.16,0,0.254
0,2011,325,1135,620.490,927.847,74.0785,17.16,1010,1.799,199.8,15.76,0.24,2.145,623.313,972.446,50.6375,617.937,924,53.92,178.5,22.47,13.45,66.3,0,0.254
0,2011,325,1136,620.855,929.816,73.2221,17.43,1010,1.533,180.4,49.67,0.327,2.145,623.817,974.657,49.7743,618.501,924,53.92,178.8,22.49,13.45,64.5,0,0.254
0,2011,325,1137,622.032,932.065,73.0263,17.48,1010,2.119,231.7,38.73,0.461,2.944,625.031,976.993,49.5620,619.970,924,53.91,179.1,22.49,13.46,63.47,0,0.254
0,2011,325,1138,618.914,929.174,71.5768,17.34,1010,2.172,198.9,35.72,0.366,2.944,621.821,973.868,48.1562,616.870,924,53.91,179.4,22.5,13.46,64.44,0,0.254
0,2011,325,1139,617.812,926.983,71.7504,17.47,1010,1.892,223,48.98,0.58,2.944,620.779,971.755,48.3440,615.837,924,53.91,179.7,22.53,13.48,64.77,0,0.254
0,2011,325,1140,617.973,927.082,71.8515,17.24,1010,1.16,137.9,77.66,0.24,1.613,620.824,971.658,48.4444,615.754,925,53.91,180,22.53,13.48,63.98,0,0.254
0,2011,325,1141,620.078,928.608,73.0647,17.18,1010,1.293,123.8,51.08,0.247,1.613,622.911,973.200,49.6292,617.909,924,53.91,180.3,22.53,13.48,65.83,0,0.254
0,2011,325,1142,620.814,932.005,71.8204,17.36,1010,1.719,187.4,58.72,0.38,2.412,623.746,976.786,48.3736,618.427,924,53.91,180.6,22.53,13.48,66.25,0,0.254
0,2011,325,1143,618.802,929.203,71.4930,17.42,1010,1.813,201,56.97,0.504,3.211,621.745,973.961,48.0734,616.317,924,53.91,180.9,22.56,13.47,64.4,0,0.254
0,2011,325,1144,618.751,928.008,72.1940,17.52,1010,1.826,222.3,47.77,0.232,2.145,621.748,972.861,48.7744,616.406,924,53.92,181.2,22.56,13.46,64.66,0,0.254
0,2011,325,1145,618.749,929.901,71.1507,17.45,1010,1.839,268.3,72.9,0.637,2.944,621.708,974.694,47.7316,616.666,924,53.92,181.5,22.56,13.45,63.55,0,0.254
0,2011,325,1146,618.944,931.299,70.5973,17.24,1010,2.252,200.2,28.5,0.441,3.211,621.795,975.919,47.1770,616.799,924,53.93,181.7,22.53,13.44,64.08,0,0.254
0,2011,325,1147,618.118,929.065,71.1767,16.99,1010,2.465,219.5,36.21,0.687,3.477,620.836,973.443,47.7694,616.024,925,53.94,182,22.53,13.44,64.87,0,0.254
0,2011,325,1148,618.073,929.342,71.0718,17,1010,1.706,189.7,73.45,0.44,2.678,620.795,973.733,47.6651,616.024,924,53.94,182.3,22.52,13.44,65.81,0,0.254
0,2011,325,1149,617.224,927.201,71.5999,17.22,1010,2.026,186.8,53.64,0.372,2.678,620.045,971.754,48.2034,615.208,924,53.95,182.6,22.47,13.44,64.93,0,0.254
0,2011,325,1150,617.224,929.204,70.5576,17.31,1010,1.693,136.9,48.06,0.254,2.145,620.089,973.843,47.1605,615.123,924,53.96,182.9,22.46,13.44,64.49,0,0.254
0,2011,325,1151,619.021,929.811,72.1479,17.45,1010,2.319,214,31.3,0.471,3.211,621.968,974.644,48.7253,616.805,924,53.97,183.2,22.43,13.44,65.13,0,0.254
0,2011,325,1152,618.703,930.080,71.8298,17.35,1010,2.798,219.2,30.85,0.592,3.743,621.592,974.819,48.4123,616.718,923,53.99,183.5,22.42,13.45,65.3,0,0.254
0,2011,325,1153,619.033,933.159,70.5214,16.95,1010,1.826,199.3,32.78,0.261,2.145,621.717,977.569,47.1022,616.848,924,54,183.8,22.38,13.45,66.72,0,0.254
0,2011,325,1154,618.727,933.469,70.2208,16.91,1010,1.852,194.7,37.96,0.302,2.412,621.384,977.838,46.8061,616.202,923,54.01,184.1,22.36,13.45,68.44,0,0.254
0,2011,325,1155,618.131,930.703,71.4494,17.19,1010,1.839,146,36.57,0.514,2.944,620.923,975.309,48.0410,615.813,923,54.03,184.4,22.33,13.45,66.7,0,0.254
0,2011,325,1156,617.443,931.882,70.2894,17.33,1010,1.986,200.6,56.69,0.258,2.678,620.296,976.594,46.8895,615.380,923,54.05,184.6,22.31,13.45,65.33,0,0.254
0,2011,325,1157,617.805,933.605,69.8722,17.27,1010,1.826,198,45.87,0.488,2.412,620.628,978.292,46.4678,615.766,923,54.06,184.9,22.29,13.44,64.48,0,0.254
0,2011,325,1158,616.970,933.425,69.3847,17.21,1010,2.079,210.2,61.37,0.657,3.211,619.751,978.040,45.9922,614.817,923,54.08,185.2,22.26,13.45,65.87,0,0.254
0,2011,325,1159,617.312,933.811,69.7558,17.12,1010,2.079,209.7,50.78,0.428,3.211,620.043,978.370,46.3593,614.947,923,54.1,185.5,22.25,13.45,66,0,0.254
0,2011,325,1200,617.375,933.688,70.1606,17.01,1010,1.946,202.2,85.6,0.346,2.678,620.044,978.163,46.7641,615.206,923,54.12,185.8,22.24,13.45,66.43,0,0.254
0,2011,325,1201,615.107,929.818,70.4430,17.09,1010,1.946,182.1,44.97,0.42,2.678,617.793,974.294,47.0771,613.14,923,54.14,186.1,22.21,13.45,66.51,0,0.254
0,2011,325,1202,615.361,931.026,70.2963,17.09,1010,1.666,174.3,38.24,0.4,2.412,618.045,975.528,46.9270,613.184,923,54.17,186.4,22.19,13.45,66.76,0,0.254
0,2011,325,1203,616.384,936.351,68.5132,17.22,1010,1.773,183.4,77.44,0.508,3.477,619.132,981.014,45.1291,614.006,922,54.19,186.7,22.17,13.45,66.4,0,0.254
0,2011,325,1204,615.869,932.506,70.5723,17.35,1010,2.825,206.2,29.67,0.372,3.477,618.676,977.284,47.1944,614.396,922,54.21,187,22.14,13.45,66.24,0,0.254
0,2011,325,1205,614.355,932.150,69.6044,17.33,1010,2.239,208.4,43.47,0.36,2.944,617.133,976.871,46.2475,612.415,922,54.24,187.2,22.14,13.44,65.34,0,0.254
0,2011,325,1206,610.966,924.835,70.8377,17.16,1010,1.906,179.3,37.12,0.437,2.944,613.629,969.307,47.5283,608.838,922,54.27,187.5,22.11,13.45,66.51,0,0.254
0,2011,325,1207,610.909,928.574,68.9681,17.21,1010,1.866,214.4,69.53,0.399,2.678,613.587,973.101,45.6592,608.278,921,54.29,187.8,22.1,13.45,66.71,0,0.254
0,2011,325,1208,611.395,929.117,69.5204,17.08,1010,2.292,217.7,50.61,0.425,3.211,614.005,973.567,46.2058,609.399,922,54.32,188.1,22.08,13.45,66.78,0,0.254
0,2011,325,1209,610.364,928.381,69.3098,17.01,1010,2.558,199.1,34.04,0.331,3.211,612.922,972.750,46.0099,608.195,921,54.35,188.4,22.07,13.45,67.12,0,0.254
0,2011,325,1210,609.145,926.309,69.7018,16.98,1010,1.679,167.9,57.04,0.336,2.412,611.672,970.629,46.4188,606.645,921,54.38,188.7,22.06,13.45,68.36,0,0.254
0,2011,325,1211,609.759,926.473,70.6377,17.19,1010,2.185,195.3,64.26,0.448,2.944,612.382,971.010,47.3451,607.508,920,54.42,189,22.03,13.45,67.95,0,0.254
0,2011,325,1212,607.358,922.630,70.9025,17.37,1010,1.573,163.6,69.21,0.34,2.145,610.049,967.264,47.6414,605.614,920,54.45,189.2,22.03,13.46,67.1,0,0.254
0,2011,325,1213,606.875,919.253,72.8329,17.53,1010,2.026,213.4,45.47,0.717,3.211,609.633,964.031,49.5774,605.443,920,54.48,189.5,22.03,13.45,65.73,0,0.254
0,2011,325,1214,607.130,922.305,71.7709,17.29,1010,1.693,244.8,83.5,0.338,2.678,609.760,966.903,48.5137,605.272,921,54.52,189.8,22,13.45,64.86,0,0.254
0,2011,325,1215,606.790,921.819,72.1826,17.17,1010,1.599,171.4,48.36,0.214,1.879,609.345,966.317,48.9311,604.801,920,54.55,190.1,21.97,13.45,66.94,0,0.254
0,2011,325,1216,604.455,919.874,71.4587,17.22,1010,2.199,196.7,37.66,0.382,2.944,607.010,964.357,48.2386,602.647,920,54.59,190.4,21.97,13.45,68.37,0,0.254
0,2011,325,1217,604.226,917.720,72.9717,17.45,1010,2.904,216.1,17.91,0.448,4.01,606.886,962.425,49.7533,602.218,919,54.63,190.7,21.97,13.45,66.77,0,0.254
0,2011,325,1218,602.010,916.36,72.0512,17.18,1010,2.332,206.7,24.86,0.462,3.211,604.510,960.774,48.8647,600.022,920,54.67,191,21.97,13.45,66.78,0,0.254
0,2011,325,1219,601.775,917.276,71.8179,17.1,1010,1.999,203.2,43.18,0.342,2.678,604.219,961.630,48.6354,599.506,919,54.71,191.2,21.97,13.45,67.03,0,0.254
0,2011,325,1220,601.160,917.524,71.5938,17.28,1010,2.532,214,28.64,0.381,3.211,603.678,962.039,48.4185,598.818,919,54.75,191.5,21.97,13.45,67.48,0,0.254
0,2011,325,1221,603.167,921.227,72.0130,17.27,1010,2.705,217.3,68.25,0.93,4.276,605.682,965.830,48.8108,600.543,919,54.79,191.8,21.97,13.45,65.58,0,0.254
0,2011,325,1222,599.778,915.447,72.5162,17.02,1010,1.693,215.1,42.8,0.268,2.145,602.136,959.744,49.3616,597.441,919,54.83,192.1,21.97,13.45,66.97,0,0.254
0,2011,325,1223,599.820,917.214,72.1158,16.97,1010,1.56,182.9,49.55,0.466,3.211,602.138,961.488,48.9612,597.486,919,54.88,192.4,21.97,13.45,67.33,0,0.254
0,2011,325,1224,601.729,921.945,71.9006,17.16,1010,2.691,209.6,31.12,0.408,3.477,604.138,966.474,48.7191,599.337,918,54.92,192.7,21.97,13.46,67.81,0,0.254
0,2011,325,1225,600.807,922.443,71.2993,17.12,1010,2.758,212.7,31.02,0.578,4.01,603.178,966.934,48.1308,598.862,918,54.97,192.9,21.97,13.46,66.76,0,0.254
0,2011,325,1226,596.192,914.065,72.1062,16.75,1010,2.731,230.4,23.76,0.333,3.211,598.337,958.101,49.0026,593.991,918,55.02,193.2,22.03,13.46,67.5,0,0.254
0,2011,325,1227,595.471,913.366,72.4115,16.47,1010,1.919,211.9,54.92,0.486,2.678,597.461,957.163,49.3197,593.129,918,55.06,193.5,22,13.45,69.08,0,0.254
0,2011,325,1228,595.994,916.718,71.6547,16.45,1010,1.733,172.9,41.9,0.408,2.412,597.961,960.541,48.5562,593.819,917,55.11,193.8,22.03,13.46,71.65,0,0.254
0,2011,325,1229,595.235,914.217,72.9789,17.02,1010,2.691,185.4,26.69,0.417,3.211,597.461,958.537,49.8871,592.914,916,55.16,194.1,22.03,13.46,70.47,0,0.254
0,2011,325,1230,595.398,915.373,73.1581,17.31,1010,2.771,212.7,31.27,0.603,3.743,597.754,959.985,50.0624,593.173,915,55.21,194.3,22.03,13.45,67.88,0,0.254
0,2011,325,1231,593.95,914.699,72.7746,17.17,1010,2.625,186.8,26,0.581,3.743,596.210,959.165,49.6995,591.795,916,55.27,194.6,22.03,13.46,67.02,0,0.254
0,2011,325,1232,593.423,915.495,72.4878,17.18,1010,2.438,201.9,34.12,0.461,2.944,595.669,959.980,49.4200,591.106,915,55.32,194.9,22.03,13.46,68.38,0,0.254
0,2011,325,1233,593.520,917.089,72.3841,17.1,1010,2.691,212.8,31,0.66,4.01,595.711,961.54,49.3158,590.676,915,55.37,195.2,22.06,13.46,66.93,0,0.254
0,2011,325,1234,590.235,913.849,71.6578,16.81,1010,1.959,196.2,62.42,0.378,2.678,592.249,957.967,48.6357,587.487,915,55.43,195.4,22.06,13.46,68.11,0,0.254
0,2011,325,1235,590.934,914.946,72.4725,16.86,1010,2.678,227.8,45.54,0.446,3.477,592.959,959.164,49.4410,588.867,915,55.48,195.7,22.08,13.46,69.79,0,0.254
0,2011,325,1236,586.818,910.285,71.7421,17,1010,3.118,215.5,21.07,0.478,4.01,588.871,954.519,48.7651,584.386,914,55.54,196,22.08,13.46,67.7,0,0.254
0,2011,325,1237,582.653,902.283,72.8520,16.64,1010,2.745,230.7,27.28,0.525,3.477,584.490,946.098,49.9335,580.120,915,55.6,196.3,22.1,13.46,67.61,0,0.254
0,2011,325,1238,583.341,904.657,72.9641,16.45,1010,3.344,217.6,15.64,0.509,4.01,585.075,948.369,50.0378,580.595,915,55.66,196.6,22.11,13.46,68.01,0,0.254
0,2011,325,1239,586.079,911.822,72.4407,16.33,1010,3.317,199.2,21.13,0.604,4.809,587.746,955.544,49.4787,583.095,914,55.72,196.8,22.13,13.46,68.03,0,0.254
0,2011,325,1240,584.924,909.392,73.4479,16.44,1010,2.345,205.5,55.31,0.483,3.477,586.620,953.207,50.5010,582.32,914,55.78,197.1,22.14,13.46,68.63,0,0.254
0,2011,325,1241,583.864,909.921,72.9012,16.7,1010,2.518,209.3,55.64,0.494,3.743,585.661,953.963,49.9671,581.243,913,55.84,197.4,22.14,13.46,69.05,0,0.254
0,2011,325,1242,584.636,914.729,71.8014,16.7,1010,2.319,213.4,60.37,0.379,3.211,586.413,958.822,48.8573,582.321,913,55.9,197.6,22.14,13.47,67.85,0,0.254
0,2011,325,1243,582.695,913.168,71.5703,16.63,1010,2.398,186.5,45.31,0.522,3.743,584.410,957.177,48.6529,579.520,912,55.96,197.9,22.14,13.46,69.47,0,0.254
0,2011,325,1244,580.172,908.521,72.4925,16.74,1010,2.305,196,34.21,0.472,3.477,581.907,952.579,49.6084,577.754,911,56.03,198.2,22.14,13.46,70.01,0,0.254
0,2011,325,1245,581.710,912.088,72.8969,16.79,1010,1.839,181.3,37.98,0.388,2.412,583.452,956.268,49.9922,578.918,911,56.09,198.5,22.14,13.46,70.06,0,0.254
0,2011,325,1246,576.045,904.293,72.4471,17.05,1010,2.265,196.3,40.29,0.555,3.477,577.861,948.549,49.6168,573.532,910,56.16,198.7,22.15,13.46,69.82,0,0.254
0,2011,325,1247,577.498,907.934,72.7664,17.01,1010,2.545,196.6,60.01,0.666,4.01,579.28,952.241,49.9172,574.782,910,56.23,199,22.17,13.46,68.86,0,0.254
0,2011,325,1248,574.929,906.828,71.7062,17.14,1010,1.959,205.8,67.89,0.368,2.944,576.735,951.197,48.8908,572.541,909,56.29,199.3,22.17,13.46,68.33,0,0.254
0,2011,325,1249,572.293,904.478,71.2791,17.23,1010,2.705,217.7,45.52,0.613,3.743,574.107,948.877,48.4986,569.827,909,56.36,199.5,22.19,13.46,67.97,0,0.254
0,2011,325,1250,574.397,918.127,66.7490,16.96,1010,2.159,203.1,65.25,0.516,3.477,576.068,962.398,43.9425,571.680,910,56.43,199.8,22.19,13.46,66.32,0,0.254
0,2011,325,1251,573.057,907.380,72.2878,16.86,1010,2.718,208.9,72.59,0.8,4.276,574.650,951.556,49.5001,570.086,909,56.5,200.1,22.22,13.46,68.31,0,0.254
0,2011,325,1252,570.981,904.712,72.6308,16.82,1010,2.132,162.7,53.03,0.32,2.678,572.522,948.828,49.8714,568.362,909,56.58,200.4,22.25,13.46,67.85,0,0.254
0,2011,325,1253,569.891,906.193,71.6902,16.89,1010,2.265,253,45.41,0.562,3.211,571.437,950.376,48.9451,567.587,908,56.65,200.6,22.25,13.46,69.19,0,0.254
0,2011,325,1254,569.206,906.877,71.5979,17,1010,2.465,226.6,40.36,0.581,3.477,570.77,951.165,48.8617,566.466,907,56.72,200.9,22.25,13.46,68.89,0,0.254
0,2011,325,1255,568.147,908.290,70.7491,17.01,1010,2.545,209.5,46.76,0.408,3.211,569.685,952.591,48.0273,565.518,906,56.8,201.2,22.28,13.46,68.66,0,0.254
0,2011,325,1256,568.499,910.478,70.9035,17.02,1010,2.332,245.5,42.83,0.43,2.944,570.017,954.839,48.1773,565.904,906,56.87,201.4,22.29,13.46,68.84,0,0.254
0,2011,325,1257,566.587,910.480,70.0053,16.98,1010,2.625,230.6,31.47,0.418,3.477,568.055,954.790,47.3052,563.963,906,56.95,201.7,22.31,13.46,68.74,0,0.254
0,2011,325,1258,563.677,907.682,69.6508,16.59,1010,1.959,205.5,31.16,0.396,2.678,564.923,951.602,46.9921,560.729,905,57.03,201.9,22.33,13.47,69.74,0,0.254
0,2011,325,1259,560.469,904.315,69.3083,16.76,1010,2.931,186.8,28.24,0.473,4.01,561.752,948.318,46.6917,557.798,904,57.1,202.2,22.33,13.46,70.96,0,0.254
0,2011,325,1300,563.625,910.693,70.0517,16.91,1010,2.119,200.1,66.97,0.394,2.944,564.964,954.972,47.3925,560.728,904,57.18,202.5,22.36,13.46,69.78,0,0.254
0,2011,325,1301,560.455,907.337,69.7599,17.09,1010,2.385,208.3,43.69,0.758,3.743,561.834,951.709,47.1422,557.970,903,57.26,202.7,22.38,13.47,69.1,0,0.254
0,2011,325,1302,555.902,899.927,70.2796,17.21,1010,3.477,210.4,13.2,0.476,4.276,557.287,944.295,47.7221,553.359,903,57.34,203,22.4,13.46,68.25,0,0.254
0,2011,325,1303,555.791,901.404,70.4504,16.79,1010,3.104,202.4,14.42,0.331,3.743,556.953,945.448,47.8974,552.928,903,57.42,203.3,22.42,13.46,68.23,0,0.254
0,2011,325,1304,553.022,897.256,71.0089,16.64,1010,2.891,192.7,30.05,0.575,3.743,554.074,941.127,48.494,550.170,902,57.51,203.5,22.45,13.46,70.17,0,0.254
0,2011,325,1305,554.468,900.863,71.6207,16.72,1010,2.851,209,41.81,0.626,3.743,555.534,944.893,49.0865,551.635,901,57.59,203.8,22.47,13.46,70.42,0,0.254
0,2011,325,1306,551.883,899.106,71.0891,16.71,1010,2.185,179,40.92,0.521,2.944,552.903,943.088,48.5897,548.918,901,57.67,204,22.47,13.47,70.11,0,0.254
0,2011,325,1307,550.350,898.951,70.7648,16.94,1010,1.44,174.9,62.45,0.471,2.145,551.438,943.128,48.2849,547.620,900,57.76,204.3,22.49,13.46,70.58,0,0.254
0,2011,325,1308,550.906,901.773,70.9565,17.16,1010,3.863,210.1,14.82,0.806,4.809,552.061,946.197,48.4682,548.479,899,57.84,204.6,22.52,13.47,69.19,0,0.254
0,2011,325,1309,550.391,904.979,69.8987,16.7,1010,3.251,214.4,12.08,0.318,3.743,551.306,949.037,47.4204,547.355,899,57.93,204.8,22.53,13.47,69.81,0,0.254
0,2011,325,1310,542.685,892.398,70.0279,16.51,1010,2.718,218.5,27.66,0.318,3.477,543.457,936.100,47.6538,539.636,899,58.02,205.1,22.54,13.46,70.32,0,0.254
0,2011,325,1311,546.664,902.68,69.7423,16.52,1010,2.518,198.7,23.18,0.529,3.743,547.418,946.555,47.3156,543.770,898,58.11,205.3,22.59,13.46,71.58,0,0.254
0,2011,325,1312,546.588,908.615,67.7268,16.76,1010,3.331,206.4,19.82,0.644,4.542,547.415,952.740,45.3002,543.466,897,58.2,205.6,22.59,13.47,70.49,0,0.254
0,2011,325,1313,544.149,903.933,68.9613,16.61,1010,3.357,205.7,18.81,0.48,4.01,544.87,947.903,46.5684,540.665,897,58.29,205.8,22.61,13.47,69.37,0,0.254
0,2011,325,1314,542.950,903.415,69.2529,16.49,1010,2.345,202.5,28.75,0.601,3.477,543.576,947.283,46.8771,539.716,897,58.38,206.1,22.64,13.47,71.03,0,0.254
0,2011,325,1315,541.255,903.799,68.5969,16.72,1010,2.518,192.9,27.05,0.308,3.211,541.947,947.865,46.2428,538.119,895,58.47,206.4,22.64,13.47,71.19,0,0.254
0,2011,325,1316,538.956,900.553,69.2350,17.02,1010,1.773,209,41.3,0.284,2.412,539.735,944.847,46.9103,535.620,895,58.56,206.6,22.68,13.46,69.28,0,0.254
0,2011,325,1317,538.367,902.212,69.0317,17.21,1010,2.412,181.4,37.53,0.571,3.477,539.193,946.700,46.7142,535.275,894,58.65,206.9,22.7,13.46,69.58,0,0.254
0,2011,325,1318,536.273,899.764,69.4719,17.42,1010,3.664,205.4,13.68,0.685,4.809,537.149,944.419,47.1816,533.165,893,58.75,207.1,22.73,13.46,68.07,0,0.254
0,2011,325,1319,534.469,897.772,69.9715,17.16,1010,2.385,201.9,14.68,0.336,3.211,535.188,942.193,47.7072,531.052,893,58.84,207.4,22.75,13.46,68.06,0,0.254
0,2011,325,1320,533.835,900.762,69.0811,16.98,1010,2.865,218,36.75,0.614,4.01,534.436,945.060,46.8268,530.793,892,58.94,207.6,22.78,13.47,68.66,0,0.254
0,2011,325,1321,531.584,899.789,68.6331,16.98,1010,1.826,210.6,65.94,0.849,4.276,532.139,944.061,46.4094,528.377,892,59.04,207.9,22.81,13.46,68.54,0,0.254
0,2011,325,1322,530.496,901.175,68.1424,16.98,1010,1.839,200.2,60,0.448,2.678,531.012,945.467,45.9337,527.429,891,59.13,208.1,22.83,13.47,68.81,0,0.254
0,2011,325,1323,527.083,894.900,69.2654,17.17,1010,1.906,200.8,56.27,0.709,2.944,527.632,939.297,47.1018,523.680,890,59.23,208.4,22.87,13.46,68.9,0,0.254
0,2011,325,1324,526.859,896.410,69.5962,17.3,1010,2.838,200.9,15.92,0.479,3.743,527.422,940.958,47.4355,523.678,889,59.33,208.6,22.88,13.46,68.1,0,0.254
0,2011,325,1325,521.963,890.39,69.1036,17.16,1010,3.504,190.9,16.39,0.607,4.809,522.414,934.716,47.0099,518.419,889,59.43,208.9,22.92,13.46,69.31,0,0.254
0,2011,325,1326,522.050,894.249,68.5823,17.14,1010,4.09,212.8,25.68,0.59,5.075,522.454,938.615,46.4880,518.633,888,59.53,209.1,22.94,13.46,68.93,0,0.254
0,2011,325,1327,519.324,889.990,69.3734,16.79,1010,2.944,225.5,31.89,0.619,4.01,519.533,934.027,47.3183,515.702,888,59.63,209.3,22.97,13.45,69.25,0,0.254
0,2011,325,1328,516.723,888.284,68.9984,16.54,1010,2.625,199.5,29.21,0.458,3.477,516.779,932.078,46.9803,513.116,887,59.73,209.6,23,13.46,70.15,0,0.254
0,2011,325,1329,514.336,884.252,70.0122,16.47,1010,2.265,216.3,48.81,0.487,3.477,514.316,927.965,48.0273,510.573,886,59.84,209.8,23.02,13.46,70.53,0,0.254
0,2011,325,1330,512.151,883.153,69.7577,16.62,1010,1.799,202.6,63.01,0.642,2.944,512.147,926.976,47.8021,508.332,885,59.94,210.1,23.04,13.46,71.38,0,0.254
0,2011,325,1331,509.767,882.362,69.1629,16.84,1010,2.185,203,36.59,0.478,3.477,509.810,926.354,47.2388,506.307,884,60.04,210.3,23.04,13.46,70.25,0,0.254
0,2011,325,1332,509.678,883.879,69.7255,17.05,1010,2.971,193.5,29.08,0.558,4.01,509.768,928.105,47.8020,506.004,883,60.15,210.6,23.07,13.46,70.03,0,0.254
0,2011,325,1333,508.154,883.431,69.8368,16.91,1010,3.024,222.8,29.6,0.454,3.743,508.139,927.544,47.9354,504.581,883,60.25,210.8,23.1,13.46,69.53,0,0.254
0,2011,325,1334,506.025,881.255,70.2107,16.72,1010,2.452,200.6,28.49,0.745,3.477,505.885,925.197,48.3399,502.296,882,60.36,211,23.1,13.46,71.51,0,0.254
0,2011,325,1335,502.802,876.493,70.7674,16.86,1010,3.437,203,22.91,0.295,4.01,502.670,920.508,48.9404,498.846,881,60.47,211.3,23.12,13.46,70.77,0,0.254
0,2011,325,1336,501.015,872.064,72.5939,16.75,1010,3.637,203.6,21.35,0.561,4.809,500.791,915.985,50.7925,497.465,880,60.58,211.5,23.15,13.46,71.09,0,0.254
0,2011,325,1337,503.167,876.216,74.1574,16.69,1010,3.024,196.6,18.18,0.636,4.276,502.875,920.206,52.3276,499.015,879,60.68,211.8,23.15,13.46,70.97,0,0.254
0,2011,325,1338,500.317,874.047,73.8299,16.73,1010,2.518,216,34.58,0.407,3.477,499.994,918.041,52.0394,496.858,879,60.79,212,23.18,13.46,71.78,0,0.254
0,2011,325,1339,494.122,866.890,72.5815,17.01,1010,2.345,191.1,39.8,0.729,3.743,493.859,910.989,50.8753,490.263,877,60.9,212.2,23.17,13.46,71.26,0,0.254
0,2011,325,1340,493.540,861.226,76.2111,17.12,1010,2.425,201.9,40.5,0.372,2.944,493.274,905.455,54.5129,490.175,876,61.02,212.5,23.18,13.46,70.93,0,0.254
0,2011,325,1341,498.247,869.286,78.4950,17.22,1010,2.771,194.8,31.52,0.548,3.743,497.985,913.813,56.732,494.223,875,61.13,212.7,23.19,13.46,70.24,0,0.254
0,2011,325,1342,498.937,868.270,81.1650,17.17,1010,2.572,176.2,54.45,0.424,3.477,498.609,912.837,59.3934,495.212,875,61.24,212.9,23.21,13.46,69.91,0,0.254
0,2011,325,1343,494.767,867.362,78.9417,17.19,1010,2.518,213.4,62.72,0.893,4.542,494.395,911.877,57.2281,490.859,874,61.35,213.2,23.21,13.46,69.9,0,0.254
0,2011,325,1344,487.794,862.940,75.5900,17.13,1010,2.292,157.5,42.21,0.352,2.944,487.342,907.247,53.9740,483.834,873,61.47,213.4,23.21,13.46,70.17,0,0.254
0,2011,325,1345,484.156,861.546,74.1333,17.28,1010,2.705,218.6,50.52,0.385,3.477,483.711,905.924,52.5680,480.213,872,61.58,213.6,23.21,13.46,69.86,0,0.254
0,2011,325,1346,483.252,865.755,72.7554,17.26,1010,2.505,219.2,40.75,0.831,3.743,482.751,910.153,51.2036,479.135,871,61.7,213.9,23.21,13.46,68.95,0,0.254
0,2011,325,1347,480.585,863.349,72.7661,17.06,1010,2.651,186.3,33.56,0.42,3.477,479.954,907.554,51.2536,476.375,871,61.81,214.1,23.24,13.46,69.65,0,0.254
0,2011,325,1348,479.476,864.859,72.4957,17.14,1010,2.398,208.7,70.74,0.737,4.01,478.827,909.161,50.9990,475.384,869,61.93,214.3,23.24,13.46,70.75,0,0.254
0,2011,325,1349,478.211,866.221,72.1608,17.3,1010,3.024,215.7,47.33,0.642,4.809,477.574,910.683,50.6818,474.219,868,62.05,214.6,23.24,13.46,69.68,0,0.254
0,2011,325,1350,477.335,868.863,71.6256,17.21,1010,2.918,206,25.54,0.476,3.743,476.614,913.288,50.1602,472.882,867,62.16,214.8,23.27,13.46,69.23,0,0.254
0,2011,325,1351,475.514,869.483,71.1061,17.09,1010,3.064,206.2,17.77,0.342,3.743,474.694,913.812,49.6679,471.201,867,62.28,215,23.27,13.46,69.68,0,0.254
0,2011,325,1352,470.760,860.945,71.908,16.88,1010,3.57,226.8,28.2,0.643,4.809,469.812,905.024,50.5397,466.202,866,62.4,215.3,23.27,13.46,69.78,0,0.254
0,2011,325,1353,467.962,856.650,72.6927,16.8,1010,3.397,213,19.87,0.454,4.01,466.933,900.642,51.3656,463.444,865,62.52,215.5,23.27,13.45,71.24,0,0.254
0,2011,325,1354,467.321,858.796,72.6698,16.76,1010,3.224,229.3,44.3,0.529,4.276,466.224,902.796,51.3530,463.228,864,62.64,215.7,23.27,13.45,70.24,0,0.254
0,2011,325,1355,463.810,852.373,73.7184,16.57,1010,4.076,213.3,12.34,0.668,5.341,462.594,896.177,52.4543,459.005,863,62.76,215.9,23.27,13.45,71.62,0,0.254
0,2011,325,1356,465.003,855.651,75.0280,16.54,1010,3.61,201.1,20.37,0.555,4.542,463.719,899.528,53.7474,460.513,862,62.89,216.2,23.27,13.44,71.41,0,0.254
0,2011,325,1357,466.945,858.665,77.2327,16.51,1010,3.224,183.5,20.78,0.644,4.542,465.596,902.64,55.9250,462.150,861,63.01,216.4,23.27,13.45,73.22,0,0.254
0,2011,325,1358,465.585,861.218,76.3641,17.04,1010,2.492,196.3,37.45,0.71,3.743,464.386,905.672,55.0739,461.158,859,63.13,216.6,23.27,13.46,71.67,0,0.254
0,2011,325,1359,461.156,860.696,73.8306,17.3,1010,2.492,204,62.31,0.553,4.276,460.005,905.307,52.6042,456.418,858,63.26,216.8,23.27,13.45,68.76,0,0.254
0,2011,325,1400,455.611,858.184,71.0874,17.42,1010,2.785,198.2,37.35,0.627,3.743,454.457,902.800,49.9427,451.377,857,63.38,217.1,23.27,13.45,67.59,0,0.254
0,2011,325,1401,452.725,858.542,69.7209,17.36,1010,2.691,208.2,25.69,0.774,4.809,451.495,903.084,48.6202,448.016,857,63.51,217.3,23.27,13.45,68.07,0,0.254
0,2011,325,1402,451.119,859.145,69.5339,17.44,1010,2.465,202.1,27.14,0.473,3.211,449.868,903.781,48.4575,446.507,855,63.63,217.5,23.27,13.45,67.09,0,0.254
0,2011,325,1403,446.981,856.690,68.1779,17.48,1010,2.412,191.4,24.43,0.404,3.211,445.696,901.308,47.1644,442.371,854,63.76,217.7,23.27,13.45,67.52,0,0.254
0,2011,325,1404,445.468,856.878,68.2879,17.54,1010,3.024,211.7,26.39,0.368,3.743,444.152,901.573,47.2978,440.820,853,63.88,217.9,23.29,13.45,66.74,0,0.254
0,2011,325,1405,443.316,856.804,67.8871,17.52,1010,2.771,203.6,29.26,0.521,4.01,441.941,901.492,46.9307,438.579,852,64.01,218.2,23.29,13.45,66.64,0,0.254
0,2011,325,1406,441.866,858.112,67.5958,17.29,1010,2.758,204,35.94,0.602,4.276,440.356,902.640,46.6637,437.028,851,64.14,218.4,23.29,13.45,66.19,0,0.254
0,2011,325,1407,439.895,857.396,67.6721,17.12,1010,2.345,230.4,54.88,0.518,3.477,438.270,901.794,46.7721,435.046,850,64.27,218.6,23.31,13.45,67.36,0,0.254
0,2011,325,1408,436.370,853.318,67.6582,17.08,1010,2.105,172.8,51.9,0.35,2.678,434.682,897.652,46.8138,431.771,849,64.4,218.8,23.31,13.45,67.34,0,0.254
0,2011,325,1409,434.103,851.429,67.9518,17.15,1010,2.518,255.7,52.96,0.638,4.01,432.387,895.827,47.1434,429.444,848,64.53,219,23.32,13.45,67.36,0,0.254
0,2011,325,1410,432.078,851.201,67.7778,17.24,1010,3.011,202.7,38.81,0.511,4.276,430.343,895.693,47.0015,427.203,846,64.66,219.3,23.32,13.44,67.37,0,0.254
0,2011,325,1411,430.965,852.828,67.7391,17.35,1010,2.851,196.3,33.31,0.567,3.743,429.217,897.463,46.9806,426.04,845,64.79,219.5,23.32,13.45,67.22,0,0.254
0,2011,325,1412,429.815,853.863,67.9292,17.45,1010,2.958,216.1,46.87,0.727,4.542,428.049,898.632,47.1892,424.704,843,64.92,219.7,23.32,13.45,67.38,0,0.254
0,2011,325,1413,428.564,849.805,70.1773,17.37,1010,2.878,222.8,44.14,0.668,4.01,426.714,894.546,49.4586,423.627,842,65.06,219.9,23.34,13.45,66.92,0,0.254
0,2011,325,1414,429.967,845.529,75.1663,17.23,1010,2.865,204.6,23.89,0.533,3.743,428.007,890.282,54.4270,424.963,841,65.19,220.1,23.34,13.45,67.12,0,0.254
0,2011,325,1415,387.380,755.578,71.9439,17.11,1010,2.918,197.4,25.37,0.346,3.477,385.456,798.794,51.9782,382.479,840,65.32,220.3,23.35,13.42,68.29,0,0.254
0,2011,325,1416,419.930,841.490,70.4013,17.18,1010,2.625,183.1,47.45,0.611,3.743,417.870,886.065,49.8257,414.794,838,65.46,220.5,23.35,13.43,68.14,0,0.254
0,2011,325,1417,415.387,840.482,68.0819,17.3,1010,3.397,221.9,21.07,0.52,4.542,413.323,885.097,47.5813,410.227,837,65.59,220.7,23.35,13.44,67.86,0,0.254
0,2011,325,1418,412.518,839.456,67.4435,17.04,1010,3.038,201.6,45.91,0.773,4.276,410.319,883.857,46.9931,407.254,836,65.73,221,23.35,13.44,66.84,0,0.254
0,2011,325,1419,410.808,838.345,68.005,16.82,1010,2.691,219.8,35.93,0.417,3.477,408.483,882.597,47.5855,405.401,835,65.86,221.2,23.35,13.44,67.63,0,0.254
0,2011,325,1420,411.639,842.369,69.0230,16.76,1010,2.825,204.8,37.9,0.509,3.743,409.234,886.691,48.5909,406.220,833,66,221.4,23.35,13.44,68.73,0,0.254
0,2011,325,1421,380.809,770.152,69.2280,16.93,1010,2.731,230.6,32.47,0.418,3.477,378.531,813.575,49.3835,375.585,832,66.14,221.6,23.35,13.43,68.82,0,0.254
0,2011,325,1422,397.983,820.650,67.8070,16.99,1010,3.158,210.1,39.02,0.661,4.276,395.593,864.907,47.6105,392.691,830,66.28,221.8,23.35,13.41,68.38,0,0.254
0,2011,325,1423,401.320,837.762,66.1123,16.96,1010,2.612,187.3,44.97,0.689,4.01,398.847,882.200,45.8584,395.922,829,66.41,222,23.34,13.43,68.64,0,0.254
0,2011,325,1424,398.024,835.177,65.7073,16.96,1010,2.598,186,22.09,0.54,3.477,395.510,879.612,45.5122,392.691,827,66.55,222.2,23.32,13.43,68.75,0,0.254
0,2011,325,1425,396.000,836.215,65.1336,17.18,1010,2.398,196.3,77.44,0.522,3.743,393.507,880.865,44.9741,390.795,825,66.69,222.4,23.32,13.43,68.44,0,0.254
0,2011,325,1426,391.494,830.077,64.9184,17.17,1010,2.185,202.5,45.47,0.388,2.678,388.960,874.670,44.8406,386.228,824,66.83,222.6,23.31,13.43,67.52,0,0.254
0,2011,325,1427,390.024,831.368,64.8160,17.23,1010,2.958,233,38.97,0.779,4.276,387.459,876.066,44.7655,384.461,823,66.97,222.8,23.29,13.42,67.28,0,0.254
0,2011,325,1428,387.500,832.212,63.8501,17.05,1010,2.265,188.6,58.08,0.457,2.944,384.830,876.780,43.8477,382.048,821,67.11,223,23.29,13.43,67.49,0,0.254
0,2011,325,1429,385.140,829.459,64.4478,17.01,1010,2.398,186.3,65.62,0.441,3.211,382.411,874.018,44.4902,379.549,820,67.26,223.2,23.29,13.42,69.16,0,0.254
0,2011,325,1430,381.518,826.135,64.0002,17.11,1010,2.452,222.8,42.2,0.521,4.01,378.782,870.765,44.1105,375.973,818,67.4,223.4,23.28,13.42,68.71,0,0.254
0,2011,325,1431,379.667,828.607,63.1053,17.18,1010,3.304,238.9,32.43,0.632,5.075,376.904,873.343,43.2512,374.293,816,67.54,223.6,23.27,13.42,67.58,0,0.254
0,2011,325,1432,376.099,823.016,63.5732,16.97,1010,2.625,187.6,26.3,0.333,3.211,373.233,867.568,43.7893,370.544,815,67.68,223.8,23.28,13.42,68.15,0,0.254
0,2011,325,1433,373.751,822.935,63.1642,17.02,1010,2.225,184.9,49.9,0.54,3.211,370.856,867.561,43.4264,368.347,813,67.83,224,23.27,13.42,68.47,0,0.254
0,2011,325,1434,371.620,822.998,62.9349,17.19,1010,1.879,187.6,42.04,0.367,2.678,368.728,867.801,43.2387,365.891,811,67.97,224.2,23.27,13.42,67.27,0,0.254
0,2011,325,1435,368.920,823.603,61.9344,17.29,1010,1.773,214.6,83.4,0.341,2.412,366.017,868.511,42.2917,363.521,810,68.12,224.4,23.27,13.42,66.74,0,0.254
0,2011,325,1436,365.860,820.519,61.9528,17.47,1010,2.159,215.3,43.49,0.245,2.678,362.971,865.587,42.3710,360.548,808,68.26,224.6,23.27,13.42,66.4,0,0.254
0,2011,325,1437,363.941,818.716,62.6349,17.49,1010,2.225,199.2,76.81,0.506,2.944,361.011,863.854,43.0927,358.523,807,68.41,224.8,23.27,13.42,65.9,0,0.254
0,2011,325,1438,360.529,817.101,61.7590,17.44,1010,2.159,151.7,57.84,0.309,2.944,357.548,862.202,42.2875,355.248,805,68.55,225,23.27,13.42,65.59,0,0.254
0,2011,325,1439,357.584,814.247,61.8011,17.38,1010,2.092,201.3,67.56,0.53,3.477,354.545,859.311,42.3918,352.189,803,68.7,225.2,23.27,13.42,65.98,0,0.254
0,2011,325,1440,355.776,814.631,61.8078,17.3,1010,2.478,211.9,45.65,0.583,3.743,352.667,859.694,42.4377,350.207,801,68.85,225.4,23.27,13.42,66.93,0,0.254
0,2011,325,1441,351.591,808.428,61.8018,17.3,1010,2.252,207.2,47.26,0.433,3.211,348.454,853.465,42.5212,346.243,799.3,68.99,225.6,23.27,13.41,66.95,0,0.254
0,2011,325,1442,349.316,808.506,61.4521,17.38,1010,2.771,198.4,28.11,0.486,3.743,346.160,853.655,42.2208,343.873,797.2,69.14,225.8,23.27,13.41,66.38,0,0.254
0,2011,325,1443,347.269,807.324,61.7814,17.24,1010,2.718,193.5,56.98,0.643,4.276,344.032,852.425,42.5962,341.633,795.8,69.29,226,23.27,13.41,66.41,0,0.254
0,2011,325,1444,344.264,805.136,61.5101,17.23,1010,2.438,208.7,32.86,0.437,3.743,340.987,850.243,42.3918,338.402,793.7,69.44,226.2,23.27,13.41,66.8,0,0.254
0,2011,325,1445,341.808,804.349,61.3051,17.35,1010,2.052,171,31.75,0.397,2.678,338.526,849.600,42.2417,335.989,791.7,69.59,226.4,23.27,13.41,67.01,0,0.254
0,2011,325,1446,337.901,800.927,60.5574,17.39,1010,1.706,175.8,62.63,0.36,2.412,334.604,846.204,41.5826,332.283,789.5,69.74,226.6,23.27,13.4,66.61,0,0.254
0,2011,325,1447,334.447,797.425,60.2810,17.32,1010,2.878,232.8,46.38,0.538,3.477,331.100,842.646,41.3865,328.879,787.7,69.89,226.8,23.27,13.4,67.07,0,0.254
0,2011,325,1448,331.843,795.296,60.3773,17.21,1010,2.225,215.8,88.5,0.368,3.211,328.430,840.470,41.5450,325.777,786,70.04,227,23.27,13.4,65.88,0,0.254
0,2011,325,1449,328.550,791.854,60.2277,17.15,1010,2.452,234,40.58,0.432,3.211,325.093,836.997,41.4741,322.675,784,70.19,227.2,23.27,13.4,66.72,0,0.254
0,2011,325,1450,326.438,791.116,60.3437,17.24,1010,2.425,196.7,40.75,0.399,3.211,322.966,836.398,41.6409,320.434,782,70.35,227.3,23.27,13.4,66.55,0,0.254
0,2011,325,1451,324.591,792.720,59.9448,17.44,1010,2.665,179.8,57.25,0.644,4.01,321.130,838.244,41.2864,318.668,779.6,70.5,227.5,23.25,13.4,65.81,0,0.254
0,2011,325,1452,321.910,790.910,59.8578,17.44,1010,3.184,213.2,35.23,0.468,4.01,318.418,836.486,41.2655,316.169,777.8,70.65,227.7,23.24,13.39,64.21,0,0.254
0,2011,325,1453,319.533,791.240,59.3706,17.09,1010,3.211,225.2,30.23,0.668,4.809,315.916,836.594,40.84,313.411,776.2,70.8,227.9,23.24,13.4,65.65,0,0.254
0,2011,325,1454,316.109,785.339,59.8762,17.04,1010,2.891,227.1,31.5,0.45,3.743,312.453,830.663,41.4324,309.663,773.5,70.96,228.1,23.24,13.39,66.57,0,0.254
0,2011,325,1455,312.764,783.461,59.1395,17,1010,2.651,201,27.02,0.564,4.276,309.074,828.771,40.7816,306.733,771.5,71.11,228.3,23.21,13.39,66.55,0,0.254
0,2011,325,1456,309.584,780.321,58.9688,16.97,1010,2.771,230.7,46.28,0.675,4.01,305.862,825.634,40.6940,303.329,769,71.27,228.5,23.21,13.39,67.37,0,0.254
0,2011,325,1457,295.238,742.518,58.6515,16.89,1010,2.958,209.4,35.52,0.592,4.276,291.595,787.173,40.7816,288.895,766.8,71.42,228.7,23.21,13.38,67.02,0,0.254
0,2011,325,1458,301.511,769.228,58.4149,16.82,1010,2.558,209.2,54.8,0.627,3.477,297.727,814.399,40.3561,295.100,764.5,71.58,228.8,23.18,13.37,67.86,0,0.254
0,2011,325,1459,301.174,772.872,58.9178,16.88,1010,3.144,247.9,49.25,0.903,4.809,297.352,818.259,40.8692,294.626,762,71.73,229,23.17,13.38,67.34,0,0.254
0,2011,325,1500,297.451,768.618,58.5219,16.63,1010,2.785,218.5,29.42,0.627,4.276,293.556,813.813,40.5772,290.834,760.2,71.89,229.2,23.15,13.38,66.96,0,0.254
0,2011,325,1501,296.008,769.849,58.7013,16.55,1010,2.598,188.2,17.51,0.327,3.211,292.054,815.102,40.7983,289.369,757.6,72.05,229.4,23.14,13.38,68.87,0,0.254
0,2011,325,1502,294.739,774.639,57.9851,16.62,1010,2.651,195.2,21.72,0.314,2.944,290.761,820.080,40.1183,287.947,754.9,72.2,229.6,23.11,13.38,68.64,0,0.254
0,2011,325,1503,291.571,774.327,56.9403,16.69,1010,3.384,207.6,28.67,0.514,4.276,287.590,819.860,39.1630,284.716,752.4,72.36,229.8,23.1,13.38,68.3,0,0.254
0,2011,325,1504,288.503,771.895,56.6391,16.69,1010,2.678,191,40.96,0.613,3.743,284.503,817.467,38.9503,281.786,750.1,72.52,229.9,23.08,13.38,67.79,0,0.254
0,2011,325,1505,285.958,770.920,56.4191,16.8,1010,2.545,215.3,28.22,0.627,3.743,281.959,816.650,38.8043,279.071,747.4,72.68,230.1,23.04,13.38,67.66,0,0.254
0,2011,325,1506,282.416,765.772,56.4355,16.83,1010,2.851,208.1,22.06,0.56,4.01,278.413,811.545,38.9252,275.538,744.9,72.84,230.3,23.02,13.37,67.33,0,0.254
0,2011,325,1507,280.073,764.600,56.4727,16.79,1010,2.984,208,29.46,0.554,4.01,276.035,810.427,39.0337,273.212,742.1,73,230.5,23,13.37,68.65,0,0.254
0,2011,325,1508,277.168,762.157,56.3173,16.8,1010,2.625,184.7,44.18,0.599,4.276,273.115,808.048,38.9669,270.239,739.3,73.16,230.7,22.97,13.37,68.18,0,0.254
0,2011,325,1509,272.760,754.972,56.0096,16.72,1010,2.625,192.2,17.18,0.761,3.743,268.693,800.766,38.7959,266.059,736.4,73.32,230.8,22.94,13.37,69.83,0,0.254
0,2011,325,1510,269.687,751.324,56.0015,16.91,1010,2.971,202.3,41.28,0.49,3.743,265.648,797.310,38.8835,262.656,733.5,73.48,231,22.92,13.37,68.76,0,0.254
0,2011,325,1511,267.545,751.836,55.7364,16.91,1010,2.532,205.4,45.45,0.509,3.477,263.480,797.923,38.6876,260.588,731,73.64,231.2,22.91,13.36,68.29,0,0.254
0,2011,325,1512,264.688,749.341,55.6061,16.88,1010,2.039,149.4,59.91,0.351,2.678,260.602,795.466,38.6502,258.047,728.2,73.8,231.4,22.88,13.36,68.23,0,0.254
0,2011,325,1513,261.913,749.132,54.9224,16.86,1010,2.665,210.2,50.82,0.555,3.743,257.808,795.312,38.0579,254.860,725.3,73.96,231.5,22.87,13.36,68.1,0,0.254
0,2011,325,1514,259.012,745.958,54.9255,16.84,1010,2.718,205.7,40.67,0.379,3.477,254.888,792.173,38.1581,251.887,722.6,74.12,231.7,22.83,13.36,68.51,0,0.254
0,2011,325,1515,256.094,744.700,54.3850,16.88,1010,2.865,205.8,41.05,0.533,3.743,251.968,791.007,37.7159,249.345,719.3,74.28,231.9,22.81,13.36,69.07,0,0.254
0,2011,325,1516,252.784,740.449,54.2513,16.98,1010,2.212,182.4,62.64,0.564,3.477,248.673,786.865,37.6951,245.855,716.2,74.45,232.1,22.78,13.35,68.86,0,0.254
0,2011,325,1517,249.809,736.814,54.2735,17.09,1010,2.239,174,36.25,0.415,3.211,245.711,783.372,37.8203,243.011,713.1,74.61,232.2,22.77,13.35,68.42,0,0.254
0,2011,325,1518,246.432,735.463,53.2782,17.1,1010,3.158,215.4,20.46,0.723,4.809,242.332,782.046,36.9442,239.694,710,74.77,232.4,22.75,13.35,67.58,0,0.254
0,2011,325,1519,244.082,733.976,53.3526,16.63,1010,2.665,228.4,45.85,0.797,4.542,239.870,780.286,37.1069,237.065,707.5,74.94,232.6,22.71,13.35,68.51,0,0.254
0,2011,325,1520,241.035,732.380,52.7481,16.62,1010,2.572,208.1,52.95,0.529,4.276,236.783,778.596,36.6146,234.006,704.1,75.1,232.8,22.7,13.34,69.42,0,0.254
0,2011,325,1521,238.112,728.584,52.8224,16.73,1010,3.277,223.7,48.92,0.564,4.276,233.821,774.722,36.7982,231.076,700.7,75.27,232.9,22.68,13.34,69.04,0,0.254
0,2011,325,1522,235.245,727.284,52.3127,16.65,1010,2.452,199.7,38.44,0.856,3.743,230.902,773.290,36.3978,228.018,697.8,75.43,233.1,22.66,13.34,68.82,0,0.254
0,2011,325,1523,232.273,725.191,51.8941,16.57,1010,2.332,206.5,41.32,0.636,3.743,227.899,771.131,36.0934,225.174,694.3,75.6,233.3,22.63,13.34,69.19,0,0.254
0,2011,325,1524,228.945,718.567,52.2284,16.45,1010,3.317,206.4,28.18,0.75,4.809,224.562,764.471,36.5565,221.728,690.9,75.76,233.5,22.6,13.34,69.33,0,0.254
0,2011,325,1525,225.893,715.457,51.9548,16.34,1010,2.798,191.4,17.47,0.372,3.477,221.518,761.433,36.4023,218.498,687.5,75.93,233.6,22.59,13.33,70.28,0,0.254
0,2011,325,1526,222.528,710.329,51.8362,16.44,1010,2.651,191,29.13,0.403,3.211,218.224,756.591,36.4150,215.439,683.9,76.1,233.8,22.54,13.33,70.45,0,0.254
0,2011,325,1527,219.181,706.049,51.5086,16.57,1010,1.946,190.4,35.29,0.497,3.211,214.971,752.705,36.2193,211.822,680.2,76.26,234,22.53,13.32,69.45,0,0.254
0,2011,325,1528,216.425,702.866,51.5034,16.62,1010,2.145,195.6,33.62,0.705,4.01,212.302,749.989,36.3237,209.366,676.7,76.43,234.1,22.49,13.32,69.7,0,0.254
0,2011,325,1529,213.388,699.653,51.2064,16.72,1010,2.052,228.3,56.63,0.36,2.944,209.382,747.334,36.1486,206.394,672.9,76.6,234.3,22.46,13.32,69,0,0.254
0,2011,325,1530,209.702,695.203,50.5434,16.8,1010,2.305,240.2,46.37,0.522,3.477,205.838,743.443,35.6357,203.164,669.2,76.77,234.5,22.43,13.32,69,0,0.254
0,2011,325,1531,206.524,691.932,50.0911,16.78,1010,2.079,177.5,42.43,0.476,2.944,202.793,740.790,35.3145,199.976,665.4,76.93,234.6,22.42,13.32,68.5,0,0.254
0,2011,325,1532,203.083,684.654,50.2557,16.73,1010,1.693,184.2,51.16,0.254,2.145,199.497,734.144,35.6233,196.787,661.7,77.1,234.8,22.38,13.31,69.17,0,0.254
0,2011,325,1533,199.815,681.017,49.7555,16.83,1010,2.478,185.7,28.94,0.867,4.276,196.41,731.350,35.2604,193.469,657.4,77.27,235,22.36,13.3,69.18,0,0.254
0,2011,325,1534,197.150,678.632,49.5675,16.79,1010,3.144,222.6,19.53,0.776,4.542,193.907,729.854,35.1852,191.013,653.6,77.44,235.1,22.33,13.31,68.38,0,0.254
0,2011,325,1535,194.211,675.871,49.1811,16.52,1010,3.237,206.8,22.15,0.437,4.01,191.111,727.857,34.9265,188.212,650,77.61,235.3,22.31,13.3,68.75,0,0.254
0,2011,325,1536,190.486,668.710,48.9292,16.32,1010,3.397,194.6,14.07,0.602,5.075,187.566,721.479,34.8390,184.722,645.7,77.78,235.5,22.28,13.3,69.77,0,0.254
0,2011,325,1537,187.410,665.154,48.5349,16.23,1010,2.665,199.4,25.24,0.65,3.477,184.687,718.952,34.5804,181.922,641.6,77.95,235.6,22.25,13.3,70.58,0,0.254
0,2011,325,1538,185.031,664.719,48.1809,16.2,1010,2.225,242.1,28.05,0.387,2.944,182.518,719.791,34.3300,179.465,637.1,78.12,235.8,22.21,13.29,70.93,0,0.254
0,2011,325,1539,182.606,661.615,48.3226,16.42,1010,1.799,203.5,63.3,0.47,2.944,180.349,718.227,34.5763,176.708,632.7,78.29,236,22.18,13.29,70.67,0,0.254
0,2011,325,1540,179.929,659.900,47.9209,16.57,1010,1.799,198.7,32.26,0.378,2.412,177.930,718.037,34.2927,174.899,628.1,78.46,236.1,22.14,13.28,70.53,0,0.254
0,2011,325,1541,176.913,656.034,47.6016,16.67,1010,1.839,219.4,42.58,0.307,2.412,175.177,715.683,34.1093,172.228,623.6,78.63,236.3,22.13,13.28,69.61,0,0.254
0,2011,325,1542,173.257,647.258,47.5781,16.8,1010,2.199,193,24.45,0.556,3.477,171.798,708.364,34.2554,169.169,619,78.8,236.5,22.08,13.28,69.58,0,0.254
0,2011,325,1543,169.922,642.429,47.0704,16.69,1010,3.49,226.7,29.27,0.58,4.809,168.712,704.947,33.9050,165.809,614.5,78.98,236.6,22.06,13.27,68.93,0,0.254
0,2011,325,1544,166.956,638.365,46.7614,16.31,1010,2.891,230.5,29.68,0.409,3.743,165.959,702.238,33.7383,163.052,610,79.15,236.8,22.03,13.27,69.94,0,0.254
0,2011,325,1545,164.039,635.658,46.2338,16.13,1010,2.212,199.6,32.36,0.385,2.944,163.290,701.132,33.3504,160.295,605.2,79.32,236.9,21.97,13.26,71.32,0,0.254
0,2011,325,1546,161.204,629.692,46.3700,16.25,1010,2.612,208.2,30.05,0.366,3.211,160.745,697.088,33.6217,158.012,600.1,79.49,237.1,21.95,13.26,71.03,0,0.254
0,2011,325,1547,157.872,626.296,45.5182,16.31,1010,2.265,201.4,54.8,0.32,2.944,157.701,695.495,32.9336,154.953,595.1,79.67,237.3,21.9,13.26,71.04,0,0.254
0,2011,325,1548,154.421,616.83,45.5998,16.33,1010,2.359,211.6,42.37,0.333,2.944,154.531,687.811,33.1882,151.851,590,79.84,237.4,21.88,13.25,70.45,0,0.254
0,2011,325,1549,151.717,614.905,45.0655,16.36,1010,1.892,200.6,55.9,0.457,2.944,152.112,687.975,32.7878,149.353,585.1,80,237.6,21.85,13.25,70.51,0,0.254
0,2011,325,1550,148.255,607.169,44.7586,16.46,1010,1.919,203.7,65.31,0.36,2.678,148.942,682.185,32.6588,145.949,579.7,80.2,237.7,21.82,13.24,69.82,0,0.254
0,2011,325,1551,144.483,602.444,43.5954,16.41,1010,1.826,183,37.74,0.382,2.412,145.438,679.213,31.6952,142.848,574.5,80.4,237.9,21.78,13.24,69.76,0,0.254
0,2011,325,1552,141.109,594.787,43.2830,16.52,1010,1.506,170,45.8,0.32,2.145,142.351,673.616,31.5618,139.573,568.9,80.5,238,21.74,13.23,70.54,0,0.254
0,2011,325,1553,137.524,585.860,42.9353,16.7,1010,2.039,200.8,32.28,0.39,2.678,139.056,666.749,31.4076,136.299,563.1,80.7,238.2,21.71,13.23,69.25,0,0.254
0,2011,325,1554,135.091,586.065,42.2304,16.58,1010,2.705,226.6,53.85,0.635,3.743,136.887,669.346,30.8320,134.318,557.8,80.9,238.4,21.68,13.22,69.37,0,0.254
0,2011,325,1555,132.212,581.128,41.8851,16.42,1010,2.971,218.3,27.59,0.668,4.276,134.134,665.762,30.6527,131.388,552,81.1,238.5,21.66,13.22,69.66,0,0.254
0,2011,325,1556,129.720,575.870,41.9478,16.13,1010,2.465,221.6,42.67,0.391,3.211,131.465,659.95,30.8783,128.847,546.5,81.2,238.7,21.62,13.21,70.06,0,0.254
0,2011,325,1557,127.269,579.368,40.7190,16.05,1010,2.505,225.4,53.01,0.388,3.211,128.796,662.583,29.8146,126.176,540.4,81.4,238.8,21.57,13.2,71.48,0,0.254
0,2011,325,1558,124.827,576.942,40.3907,16.09,1010,2.265,193.9,19.6,0.342,3.211,126.085,658.880,29.6562,123.504,534.3,81.6,239,21.55,13.2,70.93,0,0.254
0,2011,325,1559,121.547,571.375,39.6593,15.98,1010,3.091,218.7,32.25,0.529,4.01,122.456,650.999,29.1557,119.756,528.2,81.8,239.1,21.52,13.2,71.01,0,0.254
0,2011,325,1600,117.992,561.387,39.2443,15.8,1010,3.091,231.1,29.56,0.681,4.276,118.492,638.003,28.9972,116.007,522.1,81.9,239.3,21.46,13.19,71.47,0,0.254
0,2011,325,1601,115.385,555.105,39.2108,15.7,1010,2.918,222,15.69,0.403,3.477,115.447,628.761,29.1642,112.905,516,82.1,239.5,21.44,13.19,71.34,0,0.254
0,2011,325,1602,112.819,556.641,38.1314,15.63,1010,2.678,202.4,29.01,0.584,3.743,112.401,626.881,28.2880,109.889,509.4,82.3,239.6,21.4,13.18,72.58,0,0.254
0,2011,325,1603,109.602,548.003,37.7459,15.76,1010,2.758,218.1,42.87,0.305,3.211,108.688,614.172,28.1546,106.226,502.5,82.5,239.8,21.35,13.18,72.43,0,0.254
0,2011,325,1604,106.514,538.986,37.4914,15.72,1010,2.185,209.2,26.87,0.521,3.211,105.058,600.549,28.1505,102.606,496,82.6,239.9,21.3,13.17,72.13,0,0.254
0,2011,325,1605,103.788,540.733,36.1965,15.71,1010,2.105,197.1,21.74,0.554,2.944,101.763,597.400,27.0867,99.4609,489,82.8,240.1,21.27,13.16,72.83,0,0.254
0,2011,325,1606,100.861,533.817,35.7717,15.84,1010,2.452,200.7,29.63,0.534,3.477,98.2588,585.132,26.9115,95.9708,481.9,83,240.2,21.22,13.16,72.77,0,0.254
0,2011,325,1607,97.9624,529.836,34.9858,16.04,1010,1.852,194,51.47,0.453,2.944,94.5461,573.351,26.3945,92.4809,474.7,83.2,240.4,21.19,13.15,73.01,0,0.254
0,2011,325,1608,94.4755,520.136,34.2503,16.18,1010,2.518,195.8,27.13,0.39,3.211,90.7921,560.134,25.9357,88.6465,467.4,83.4,240.5,21.14,13.15,71.69,0,0.254
0,2011,325,1609,90.4655,501.823,33.9063,16.12,1010,2.425,193.4,33.45,0.381,3.211,86.8705,541.091,25.8858,84.8547,460.3,83.5,240.7,21.1,13.14,71.4,0,0.254
0,2011,325,1610,86.6692,486.040,33.3939,15.98,1010,1.946,189,47.55,0.325,2.412,83.1578,524.593,25.6567,81.2785,452.9,83.7,240.8,21.06,13.13,72.19,0,0.254
0,2011,325,1611,83.1987,476.032,32.4852,16.02,1010,1.746,191.1,35.33,0.273,2.145,79.7790,514.100,25.0101,77.9610,445.3,83.9,241,21.02,13.13,72.45,0,0.254
0,2011,325,1612,79.6777,461.938,31.8905,16.01,1010,1.786,199.3,42.86,0.415,2.944,76.3580,499.505,24.6848,74.6000,437.6,84.1,241.1,20.97,13.12,72.27,0,0.254
0,2011,325,1613,76.0550,447.645,31.1306,16.05,1010,1.919,201.8,34.55,0.283,2.678,72.8538,484.755,24.2053,71.2392,429.9,84.2,241.3,20.92,13.11,71.98,0,0.254
0,2011,325,1614,72.7292,432.292,30.6863,16,1010,1.586,190.1,40.03,0.251,2.145,69.6415,469.067,24.0219,68.0075,422.1,84.4,241.4,20.89,13.11,71.98,0,0.254
0,2011,325,1615,69.8628,427.186,29.6377,16.04,1010,1.813,188.8,52.51,0.453,2.944,66.8879,463.963,23.2,65.2497,414.1,84.6,241.6,20.84,13.1,71.42,0,0.254
0,2011,325,1616,66.5926,409.850,29.2726,16.01,1010,1.959,221,51.29,0.647,3.211,63.7590,446.566,23.0959,62.2334,406.2,84.8,241.7,20.8,13.1,71.15,0,0.254
0,2011,325,1617,63.2634,394.351,28.5787,15.91,1010,2.838,213.7,18.53,0.472,3.743,60.5879,431.110,22.6704,59.1305,398,85,241.9,20.76,13.09,70.93,0,0.254
0,2011,325,1618,59.9677,379.242,27.7845,15.61,1010,3.064,216.3,20.11,0.509,4.01,57.4584,416.137,22.1446,56.0706,390.1,85.1,242,20.7,13.08,71.46,0,0.254
0,2011,325,1619,56.6440,361.594,27.0783,15.41,1010,2.798,212.7,27.04,0.586,4.276,54.3291,398.935,21.7108,53.0540,381.8,85.3,242.2,20.65,13.07,72.44,0,0.254
0,2011,325,1620,53.4221,343.933,26.3671,15.28,1010,2.452,214.5,27.48,0.507,3.477,51.3249,382.147,21.2644,50.1235,373.5,85.5,242.3,20.61,13.06,72.52,0,0.254
0,2011,325,1621,50.2185,321.642,25.9104,15.13,1010,2.612,202.3,22.55,0.504,3.477,48.3624,361.110,21.0725,47.1067,365.1,85.7,242.5,20.57,13.06,72.77,0,0.254
0,2011,325,1622,46.9397,303.650,24.9292,15.08,1010,2.372,212.6,26.88,0.56,3.477,45.3582,344.843,20.3632,44.3486,356.7,85.8,242.6,20.5,13.05,73.56,0,0.254
0,2011,325,1623,43.9318,285.009,24.1590,15.05,1010,2.572,209.2,33.15,0.38,3.211,42.6461,328.721,19.8417,41.6767,348.2,86,242.7,20.46,13.04,73.12,0,0.254
0,2011,325,1624,41.2743,264.929,23.7130,15.08,1010,1.919,208.6,49.82,0.471,2.678,40.3094,312.259,19.6122,39.3063,339.7,86.2,242.9,20.4,13.03,74.84,0,0.254
0,2011,325,1625,38.6194,253.676,22.5885,15.18,1010,2.478,196.1,33.17,0.412,3.477,38.0146,305.623,18.7026,37.0223,331.2,86.4,243,20.33,13.03,73.62,0,0.254
0,2011,325,1626,35.9279,238.310,21.6037,15.18,1010,2.638,229.8,49.58,0.67,3.743,35.7196,295.918,17.9349,34.7381,323,86.6,243.2,20.28,13.02,73.32,0,0.254
0,2011,325,1627,33.0725,211.824,20.9844,15.18,1010,2.052,200,48.46,0.397,2.412,33.2994,276.134,17.5469,32.4539,314.7,86.7,243.3,20.21,13,73.81,0,0.254
0,2011,325,1628,30.3035,174.860,20.8673,15.28,1010,2.012,220.6,58.98,0.408,2.678,31.0045,247.537,17.6512,30.2991,306.6,86.9,243.5,20.14,13,73.25,0,0.254
0,2011,325,1629,27.6661,150.876,19.9839,15.31,1010,1.852,193,35.03,0.278,2.412,28.8763,233.890,16.9753,28.2303,298.6,87.1,243.6,20.08,12.99,73.27,0,0.254
0,2011,325,1630,25.3123,128.288,19.1816,15.29,1010,1.879,207.1,38.56,0.512,2.944,27.0819,224.674,16.3493,26.3339,291.1,87.3,243.8,20.01,12.99,73.66,0,0.254
0,2011,325,1631,23.0011,103.065,18.3821,15.27,1010,1.919,222.8,55.16,0.432,2.944,25.3710,215.694,15.7192,24.8685,283.7,87.4,243.9,19.96,12.98,73.42,0,0.254
0,2011,325,1632,20.7386,39.3163,19.0723,15.21,1010,2.705,216.7,45.64,0.403,3.743,23.7436,106.749,19.2328,23.1445,276.8,87.6,244,19.9,12.98,73.39,0,0.254
0,2011,325,1633,18.1820,22.3130,17.2997,15.19,1010,1.906,186.7,43.97,0.251,2.412,21.7824,92.5087,18.1311,21.1619,270.4,87.8,244.2,19.82,12.97,73.59,0,0.254
0,2011,325,1634,15.8296,0,15.8296,15.16,1010,1.932,186.8,43.86,0.322,2.678,20.0298,0,20.0298,19.3949,264.6,88,244.3,19.77,12.97,74.4,0,0.254
0,2011,325,1635,13.5355,0,13.5355,15.15,1010,1.44,152.3,69.2,0.456,2.412,18.2772,5.16109,18.1103,17.7571,259.4,88.1,244.5,19.69,12.96,74.24,0,0.254
0,2011,325,1636,11.5650,0,11.5650,15.1,1010,2.438,230.6,59.07,0.729,3.743,16.8585,1.74361,16.8084,16.3779,255.4,88.3,244.6,19.63,12.96,74.4,0,0.254
0,2011,325,1637,9.47430,0,9.47430,15.05,1010,1.879,219.7,49.35,0.429,3.211,15.1059,3.42770,15.0141,14.7833,252.4,88.5,244.8,19.55,12.95,74.22,0,0.254
0,2011,325,1638,7.22887,0,7.22887,15,1010,1.972,217.7,38.26,0.456,2.944,12.7691,0.000205,12.7691,12.4128,113,88.6,244.9,19.49,12.94,74.59,0,0.254
0,2011,325,1639,5.33571,0,5.33571,14.95,1010,1.932,192.2,35.16,0.45,2.678,10.5992,0.415785,10.5909,10.4733,0,88.8,245,19.4,12.93,74.89,0,0.254
0,2011,325,1640,4.30840,0,4.30840,14.95,1010,1.852,190.3,29.81,0.336,2.678,9.76464,8.27273,9.62276,9.48203,0,89,245.2,19.34,12.92,74.96,0,0.254
0,2011,325,1641,3.44006,0,3.44006,14.87,1010,1.932,194.5,36.84,0.322,2.678,9.01352,8.78313,8.88833,8.74934,0,89.2,245.3,19.27,12.91,74.46,0,0.254
0,2011,325,1642,2.73409,0,2.73409,14.81,1010,1.693,204.4,36.21,0.327,2.412,8.38760,6.51261,8.30414,8.23215,0,89.3,245.5,19.18,12.91,75.38,0,0.254
0,2011,325,1643,2.14765,0,2.14765,14.73,1010,1.813,213,38.11,0.265,2.412,7.80340,26.1224,7.54468,7.58566,0,89.5,245.6,19.1,12.9,75.24,0,0.254
0,2011,325,1644,1.96398,0,1.96398,14.72,1010,1.613,190.8,36.63,0.223,2.145,7.21920,29.1157,7.05228,6.98226,0,89.6,245.7,19.02,12.9,76.05,0,0.254
0,2011,325,1645,7.26675,0,7.26675,14.72,1010,1.786,217.9,22.29,0.329,2.412,6.55154,0,6.55154,6.33577,0,89.8,245.9,18.95,12.9,75.81,0,0.254
0,2011,325,1646,6.38839,0,6.38839,14.52,1010,1.733,206.5,38.44,0.214,2.145,5.75868,0,5.75868,5.64617,0,90,246,18.87,12.9,75.4,0,0.254
0,2011,325,1647,5.64849,0,5.64849,14.41,1010,1.706,208.4,43.32,0.507,2.678,5.09101,0,5.09101,5.04276,0,90.2,246.2,18.78,12.9,76.63,0,0.254
0,2011,325,1648,5.00089,0,5.00089,14.29,1010,2.012,220,33.2,0.362,2.678,4.50681,0,4.50681,4.35316,0,90.5,246.3,18.7,12.9,76.15,0,0.254
0,2011,325,1649,4.35315,0,4.35315,14.14,1010,1.693,200,48.31,0.405,2.678,3.92259,0,3.92259,3.79286,0,90.8,246.4,18.61,12.9,76.62,0,0.254
0,2011,325,1650,3.70527,0,3.70527,14.14,1010,1.839,217.4,38.44,0.256,2.412,3.33838,0,3.33838,3.31875,0,91,246.6,18.51,12.9,77.51,0,0.254
0,2011,325,1651,3.24237,0,3.24237,14.11,1010,1.573,206.4,34.41,0.36,2.145,2.92109,0,2.92109,2.75845,0,91.2,246.7,18.43,12.89,77.81,0,0.254
0,2011,325,1652,2.77945,0,2.77945,14.16,1010,1.639,186.4,26.35,0.221,1.879,2.50379,0,2.50379,2.58604,0,91.5,246.8,18.35,12.89,78.34,0,0.254
0,2011,325,1653,2.77945,0,2.77945,14.26,1010,1.693,216.3,32.2,0.268,2.145,2.50379,0,2.50379,2.58605,0,91.7,247,18.25,12.89,77.82,0,0.254
0,2011,325,1654,2.77946,0,2.77946,14.19,1010,1.4,211.7,48.11,0.333,2.145,2.50379,0,2.50379,2.58605,0,91.9,247.1,18.17,12.89,77.61,0,0.254
0,2011,325,1655,2.77946,0,2.77946,14.19,1010,1.453,209.5,42.63,0.284,2.145,2.50379,0,2.50379,2.37054,0,92.1,247.3,18.1,12.89,78.02,0,0.254
0,2011,325,1656,2.22376,0,2.22376,14.19,1010,1.892,233.1,15.77,0.417,2.678,2.00304,0,2.00304,1.89644,0,92.3,247.4,17.99,12.88,78.28,0,0.254
0,2011,325,1657,1.89960,0,1.89960,14.14,1010,1.679,206.3,28.53,0.394,2.678,1.71093,0,1.71093,1.81024,0,92.5,247.5,17.92,12.88,77.8,0,0.254
0,2011,325,1658,1.76065,0,1.76065,14.19,1010,1.546,208.8,23.7,0.29,2.145,1.58574,0,1.58574,1.59473,0,92.7,247.7,17.84,12.88,78.85,0,0.254
0,2011,325,1659,1.39005,0,1.39005,14.23,1010,1.28,195.1,43.96,0.265,1.613,1.25190,0,1.25190,1.12062,0,92.9,247.8,17.75,12.89,78.22,0,0.254
0,2011,325,1700,1.25108,0,1.25108,14.21,1010,1.879,224.9,35.91,0.584,2.678,1.12671,0,1.12671,0.905119,0,93.1,247.9,17.68,12.89,78.29,0,0.254
0,2011,325,1701,0.926809,0,0.926809,14.19,1010,1.52,204.6,31.25,0.152,1.613,0.834600,0,0.834600,0.862019,0,93.3,248.1,17.59,12.86,78.12,0,0.254
0,2011,325,1702,0.834128,0,0.834128,14.19,1010,1.626,221.7,28.64,0.297,2.412,0.75114,0,0.75114,0.775817,0,93.5,248.2,17.51,12.89,77.91,0,0.254
0,2011,325,1703,0.695107,0,0.695107,14.08,1010,1.24,215.8,43,0.213,1.613,0.625950,0,0.625950,0.431009,0,93.7,248.3,17.44,12.88,77.8,0,0.254
0,2011,325,1704,0.417064,0,0.417064,14,1010,1.866,221.8,26.15,0.586,2.944,0.375570,0,0.375570,0.301707,0,93.9,248.5,17.35,12.88,77.84,0,0.254
0,2011,325,1705,0.463405,0,0.463405,13.91,1010,1.586,208.3,23.69,0.302,2.145,0.417300,0,0.417300,0.215505,0,94.1,248.6,17.29,12.88,78.01,0,0.254
0,2011,325,1706,0.046340,0,0.046340,13.83,1010,2.092,221.7,18.19,0.353,2.412,0.041730,0,0.041730,0.129303,0,94.3,248.7,17.21,12.88,78.09,0,0.254
0,2011,325,1707,0,0,0,13.77,1010,1.986,226.6,27.72,0.229,2.412,0,0,0,0.043101,0,94.5,248.9,17.12,12.88,78.48,0,0.254
0,2011,325,1708,0,0,0,13.73,1010,2.145,215.8,23.98,0.253,2.412,0,0,0,0.043101,0,94.7,249,17.05,12.88,78.56,0,0.254
0,2011,325,1709,0,0,0,13.73,1010,2.079,208.7,31.95,0.483,2.944,0,0,0,0,0,94.9,249.1,16.99,12.88,78.82,0,0.254
0,2011,325,1710,0,0,0,13.76,1010,1.932,215.2,33.08,0.322,2.678,0,0,0,0,0,95.1,249.3,16.91,12.88,79.17,0,0.254
0,2011,325,1711,0,0,0,13.79,1010,1.919,219.8,40.85,0.423,2.678,0,0,0,-0.043101,0,95.3,249.4,16.84,12.87,79.48,0,0.254
0,2011,325,1712,0,0,0,13.87,1010,1.852,212.9,33.06,0.325,2.678,0,0,0,-0.043101,0,95.5,249.5,16.77,12.88,79.14,0,0.254
0,2011,325,1713,0,0,0,13.9,1010,1.746,198.8,20.31,0.198,2.145,0,0,0,-0.043101,0,95.6,249.7,16.69,12.87,78.76,0,0.254
0,2011,325,1714,0,0,0,13.99,1010,1.613,203.4,32.42,0.292,2.145,0,0,0,0,0,95.8,249.8,16.64,12.87,79.53,0,0.254
0,2011,325,1715,0,0,0,14.12,1010,1.4,196.5,30.8,0.333,2.145,0,0,0,-0.086203,0,96,249.9,16.56,12.87,78.94,0,0.254
0,2011,325,1716,0,0,0,14.17,1010,1.48,219.7,39.67,0.26,2.145,0,0,0,-0.086204,0,96.2,250.1,16.49,12.87,78.14,0,0.254
0,2011,325,1717,0,0,0,14.14,1010,1.533,195.1,39.69,0.378,2.145,0,0,0,-0.129307,0,96.4,250.2,16.44,12.87,78.26,0,0.254
0,2011,325,1718,0,0,0,14.22,1010,1.999,217.1,34.7,0.362,2.412,0,0,0,-0.215513,0,96.6,250.3,16.38,12.87,78.26,0,0.254
0,2011,325,1719,0,0,0,14.17,1010,1.493,194.8,35.44,0.285,1.879,0,0,0,-0.043103,0,96.8,250.5,16.33,12.87,77.6,0,0.254
0,2011,325,1720,0,0,0,14.17,1010,1.386,219,41.88,0.295,1.879,0,0,0,-0.043104,0,97,250.6,16.27,12.87,78.1,0,0.254
0,2011,325,1721,0,0,0,14.13,1010,1.453,203.8,23.47,0.229,1.879,0,0,0,-0.129312,0,97.2,250.7,16.2,12.87,78.35,0,0.254
0,2011,325,1722,0,0,0,14.03,1010,1.573,217.9,22.93,0.174,1.879,0,0,0,0,0,97.4,250.9,16.15,12.87,77.87,0,0.254
0,2011,325,1723,0,0,0,14.03,1010,1.639,224.5,25.53,0.265,2.412,0,0,0,-0.043104,0,97.6,251,16.1,12.86,79.12,0,0.254
0,2011,325,1724,0,0,0,14.02,1010,1.493,223.8,41,0.259,2.145,0,0,0,-0.043105,0,97.8,251.1,16.04,12.86,78.73,0,0.254
0,2011,325,1725,0,0,0,14.02,1010,1.546,212.9,39.7,0.356,2.412,0,0,0,-0.043106,0,98,251.2,16,12.86,78.77,0,0.254
0,2011,325,1726,0,0,0,13.99,1010,1.599,223.8,30.18,0.285,2.145,0,0,0,-0.129318,0,98.2,251.4,15.95,12.86,78.66,0,0.254
0,2011,325,1727,0,0,0,13.93,1010,1.733,214.8,30.25,0.214,2.145,0,0,0,-0.129318,0,98.4,251.5,15.88,12.85,79.15,0,0.254
0,2011,325,1728,0,0,0,13.9,1010,1.706,214.1,43.31,0.448,2.412,0,0,0,-0.215533,0,98.6,251.6,15.85,12.86,79.22,0,0.254
0,2011,325,1729,0,0,0,13.79,1010,1.639,217.6,40.91,0.205,1.879,0,0,0,0,0,98.8,251.8,15.8,12.86,79.2,0,0.254
0,2011,325,1730,0,0,0,13.86,1010,1.346,217.6,38.73,0.146,1.613,0,0,0,-0.043107,0,99,251.9,15.75,12.86,80.5,0,0.254
0,2011,325,1731,0,0,0,13.96,1010,1.919,219,29.58,0.456,2.944,0,0,0,-0.043107,0,99.2,252,15.7,12.83,79.95,0,0.254
0,2011,325,1732,0,0,0,13.91,1010,1.56,211.7,33.05,0.333,2.145,0,0,0,-0.086215,0,99.4,252.2,15.66,12.86,79.96,0,0.254
0,2011,325,1733,0,0,0,13.94,1010,1.506,213.2,19.83,0.284,1.879,0,0,0,0,0,99.6,252.3,15.6,12.86,79.93,0,0.254
0,2011,325,1734,0,0,0,13.8,1010,1.493,215.9,23.52,0.178,1.879,0,0,0,-0.043108,0,99.8,252.4,15.57,12.85,79.79,0,0.254
0,2011,325,1735,0,0,0,13.68,1010,1.679,211.3,17.41,0.265,2.145,0,0,0,-0.172432,0,100,252.5,15.52,12.86,80.6,0,0.254
0,2011,325,1736,0,0,0,13.64,1010,1.613,213.5,23.75,0.206,2.145,0,0,0,0,0,100.2,252.7,15.48,12.85,80.8,0,0.254
0,2011,325,1737,0,0,0,13.58,1010,1.879,225.9,32.24,0.206,2.145,0,0,0,-0.129326,0,100.4,252.8,15.45,12.85,81.1,0,0.254
0,2011,325,1738,0,0,0,13.63,1010,1.693,218.7,21.64,0.281,2.145,0,0,0,-0.043109,0,100.6,252.9,15.4,12.85,81.9,0,0.254
0,2011,325,1739,0,0,0,13.67,1010,1.799,216,22.49,0.254,2.412,0,0,0,-0.129328,0,100.8,253.1,15.35,12.85,81.4,0,0.254
0,2011,325,1740,0,0,0,13.66,1010,1.52,223.6,19.94,0.193,1.879,0,0,0,0,0,101,253.2,15.32,12.85,81,0,0.254
0,2011,325,1741,0,0,0,13.6,1010,1.799,219.8,13.93,0.268,2.412,0,0,0,0,0,101.2,253.3,15.28,12.85,81.1,0,0.254
0,2011,325,1742,0,0,0,13.56,1010,1.733,219.8,21.33,0.32,2.145,0,0,0,-0.043111,0,101.4,253.4,15.24,12.85,81.4,0,0.254
0,2011,325,1743,0,0,0,13.58,1010,1.813,214.3,15.56,0.221,2.145,0,0,0,0,0,101.6,253.6,15.19,12.85,81.6,0,0.254
0,2011,325,1744,0,0,0,13.53,1010,1.759,223.4,20.67,0.23,2.145,0,0,0,-0.129334,0,101.8,253.7,15.15,12.85,81.6,0,0.254
0,2011,325,1745,0,0,0,13.51,1010,1.639,226.9,23.86,0.205,2.145,0,0,0,-0.086223,0,102,253.8,15.11,12.85,81.9,0,0.254
0,2011,325,1746,0,0,0,13.49,1010,1.44,206.9,28.15,0.227,1.879,0,0,0,-0.129336,0,102.2,253.9,15.08,12.85,81.9,0,0.254
0,2011,325,1747,0,0,0,13.56,1010,1.293,215.3,34.59,0.199,1.613,0,0,0,-0.172450,0,102.4,254.1,15.04,12.85,82.6,0,0.254
0,2011,325,1748,0,0,0,13.62,1010,1.852,229.9,17.95,0.302,2.412,0,0,0,-0.086225,0,102.6,254.2,15.01,12.85,81.8,0,0.254
0,2011,325,1749,0,0,0,13.55,1010,1.546,219.9,22.36,0.251,1.879,0,0,0,-0.129339,0,102.8,254.3,14.96,12.84,81.7,0,0.254
0,2011,325,1750,0,0,0,13.52,1010,1.573,215.9,13.25,0.27,2.145,0,0,0,-0.086226,0,103,254.5,14.92,12.84,81.8,0,0.254
0,2011,325,1751,0,0,0,13.51,1010,1.333,211.4,18.59,0.197,1.879,0,0,0,0,0,103.2,254.6,14.89,12.84,82.1,0,0.254
0,2011,325,1752,0,0,0,13.55,1010,1.56,213.1,22.72,0.247,2.145,0,0,0,0,0,103.4,254.7,14.86,12.84,82.4,0,0.254
0,2011,325,1753,0,0,0,13.57,1010,1.506,216.5,25.27,0.39,2.412,0,0,0,0,0,103.6,254.8,14.82,12.84,82,0,0.254
0,2011,325,1754,0,0,0,13.53,1010,1.573,223.3,18.73,0.242,2.145,0,0,0,-0.086228,0,103.8,255,14.79,12.84,81.9,0,0.254
0,2011,325,1755,0,0,0,13.51,1010,1.706,209.5,18.67,0.193,2.145,0,0,0,-0.086228,0,104,255.1,14.75,12.84,82.3,0,0.254
0,2011,325,1756,0,0,0,13.54,1010,1.48,214.6,17.28,0.231,1.879,0,0,0,-0.086229,0,104.2,255.2,14.72,12.84,82.2,0,0.254
0,2011,325,1757,0,0,0,13.53,1010,1.56,221.4,18.93,0.426,2.145,0,0,0,-0.086229,0,104.4,255.3,14.7,12.83,82.3,0,0.254
0,2011,325,1758,0,0,0,13.49,1010,1.626,214.5,17.69,0.352,2.412,0,0,0,-0.043114,0,104.6,255.5,14.66,12.83,82,0,0.254
0,2011,325,1759,0,0,0,13.48,1010,1.44,219.2,19.62,0.211,1.879,0,0,0,-0.086229,0,104.8,255.6,14.62,12.83,82.6,0,0.254
0,2011,325,1800,0,0,0,13.48,1010,1.48,218.7,18.7,0.133,1.613,0,0,0,-0.086229,0,105,255.7,14.6,12.83,82.3,0,0.254
0,2011,325,1801,0,0,0,13.48,1010,1.373,212.8,23.71,0.251,1.879,0,0,0,-0.172459,0,105.2,255.8,14.58,12.8,82.9,0,0.254
0,2011,325,1802,0,0,0,13.56,1010,1.533,229,17.94,0.281,2.145,0,0,0,-0.043115,0,105.4,256,14.55,12.83,82.6,0,0.254
0,2011,325,1803,0,0,0,13.53,1010,1.493,217.8,21.01,0.214,1.879,0,0,0,-0.086230,0,105.6,256.1,14.52,12.83,82.3,0,0.254
0,2011,325,1804,0,0,0,13.49,1010,1.28,217.5,24.94,0.186,1.613,0,0,0,-0.043115,0,105.8,256.2,14.48,12.83,82.5,0,0.254
0,2011,325,1805,0,0,0,13.46,1010,1.426,214.9,19.91,0.24,1.879,0,0,0,-0.043115,0,106,256.3,14.46,12.83,82.6,0,0.254
0,2011,325,1806,0,0,0,13.54,1010,1.599,209.2,22.64,0.259,1.879,0,0,0,-0.129346,0,106.2,256.5,14.43,12.83,83,0,0.254
0,2011,325,1807,0,0,0,13.54,1010,1.719,223.6,22,0.177,1.879,0,0,0,-0.086230,0,106.4,256.6,14.41,12.83,82.2,0,0.254
0,2011,325,1808,0,0,0,13.49,1010,1.573,208.4,15.48,0.242,2.145,0,0,0,-0.043115,0,106.6,256.7,14.38,12.83,82.4,0,0.254
0,2011,325,1809,0,0,0,13.48,1010,1.693,225.5,17.74,0.224,2.145,0,0,0,-0.086231,0,106.8,256.8,14.36,12.83,82.6,0,0.254
0,2011,325,1810,0,0,0,13.44,1010,1.626,212.7,23.92,0.157,1.879,0,0,0,-0.129346,0,107,257,14.34,12.83,82.9,0,0.254
0,2011,325,1811,0,0,0,13.45,1010,1.613,219.3,20.2,0.168,1.879,0,0,0,-0.086231,0,107.2,257.1,14.31,12.83,82.9,0,0.254
0,2011,325,1812,0,0,0,13.46,1010,1.573,219.7,19.59,0.211,1.879,0,0,0,-0.086231,0,107.4,257.2,14.28,12.83,83,0,0.254
0,2011,325,1813,0,0,0,13.44,1010,1.346,215.3,19.66,0.188,1.613,0,0,0,-0.043115,0,107.6,257.3,14.25,12.83,82.8,0,0.254
0,2011,325,1814,0,0,0,13.46,1010,1.413,224.6,39.45,0.221,1.879,0,0,0,-0.043115,0,107.8,257.5,14.23,12.83,83.3,0,0.254
0,2011,325,1815,0,0,0,13.56,1010,1.493,202.1,21.06,0.178,1.879,0,0,0,-0.043115,0,108,257.6,14.21,12.83,83.1,0,0.254
0,2011,325,1816,0,0,0,13.61,1010,1.493,216.5,24.77,0.23,1.879,0,0,0,-0.086231,0,108.2,257.7,14.18,12.83,83.2,0,0.254
0,2011,325,1817,0,0,0,13.65,1010,1.386,229.3,31.18,0.227,1.879,0,0,0,0,0,108.4,257.8,14.16,12.83,82.3,0,0.254
0,2011,325,1818,0,0,0,13.6,1010,1.2,206.9,26.69,0.178,1.346,0,0,0,-0.129346,0,108.6,258,14.13,12.83,82.5,0,0.254
0,2011,325,1819,0,0,0,13.59,1010,1.253,221.6,21.39,0.256,1.613,0,0,0,0,0,108.8,258.1,14.12,12.83,82.3,0,0.254
0,2011,325,1820,0,0,0,13.51,1010,1.48,221.4,12.44,0.158,1.613,0,0,0,0,0,109,258.2,14.09,12.83,82.3,0,0.254
0,2011,325,1821,0,0,0,13.42,1010,1.466,215,15.58,0.259,1.879,0,0,0,-0.043116,0,109.2,258.3,14.07,12.82,82.5,0,0.254
0,2011,325,1822,0,0,0,13.37,1010,1.4,222.4,10.2,0.199,1.879,0,0,0,-0.086231,0,109.4,258.5,14.05,12.82,82.6,0,0.254
0,2011,325,1823,0,0,0,13.34,1010,1.413,216.1,16.1,0.166,1.613,0,0,0,0,0,109.6,258.6,14.04,12.82,82.9,0,0.254
0,2011,325,1824,0,0,0,13.32,1010,1.386,224.8,21.81,0.211,1.613,0,0,0,-0.086231,0,109.8,258.7,14,12.82,83.1,0,0.254
0,2011,325,1825,0,0,0,13.33,1010,1.426,225.3,16.82,0.208,1.879,0,0,0,-0.086231,0,110,258.8,13.99,12.82,83,0,0.254
0,2011,325,1826,0,0,0,13.31,1010,1.346,220.4,18.51,0.168,1.613,0,0,0,-0.043116,0,110.3,259,13.96,12.82,83.1,0,0.254
0,2011,325,1827,0,0,0,13.31,1010,1.586,227.3,14.25,0.186,2.145,0,0,0,-0.043116,0,110.5,259.1,13.94,12.81,83,0,0.254
0,2011,325,1828,0,0,0,13.32,1010,1.093,212.2,16.88,0.157,1.346,0,0,0,-0.043116,0,110.7,259.2,13.93,12.82,83.4,0,0.254
0,2011,325,1829,0,0,0,13.42,1010,1.027,225.2,15.72,0.199,1.346,0,0,0,-0.129347,0,110.9,259.3,13.9,12.82,83.4,0,0.254
0,2011,325,1830,0,0,0,13.41,1010,1.413,225.4,14.85,0.186,1.879,0,0,0,0,0,111.1,259.5,13.88,12.81,82.8,0,0.254
0,2011,325,1831,0,0,0,13.35,1010,1.4,225.7,18.73,0.216,1.879,0,0,0,-0.129347,0,111.3,259.6,13.86,12.78,82.8,0,0.254
0,2011,325,1832,0,0,0,13.3,1010,1.027,229.9,17.08,0.107,1.08,0,0,0,-0.043116,0,111.5,259.7,13.85,12.82,83,0,0.254
0,2011,325,1833,0,0,0,13.27,1010,1.014,221.4,20.76,0.166,1.346,0,0,0,-0.043116,0,111.7,259.8,13.82,12.82,83.2,0,0.254
0,2011,325,1834,0,0,0,13.27,1010,1.253,219,15.51,0.127,1.346,0,0,0,-0.086231,0,111.9,260,13.8,12.82,83.4,0,0.254
0,2011,325,1835,0,0,0,13.26,1010,1.373,219.6,10.43,0.116,1.613,0,0,0,-0.086231,0,112.1,260.1,13.79,12.82,83.4,0,0.254
0,2011,325,1836,0,0,0,13.21,1010,1.386,223.1,10.33,0.127,1.613,0,0,0,0,0,112.3,260.2,13.75,12.81,83.4,0,0.254
0,2011,325,1837,0,0,0,13.19,1010,1.293,219.7,13.35,0.181,1.613,0,0,0,0,0,112.5,260.3,13.74,12.81,83.7,0,0.254
0,2011,325,1838,0,0,0,13.19,1010,1.573,220.3,10.52,0.211,2.145,0,0,0,-0.043116,0,112.7,260.5,13.72,12.81,83.7,0,0.254
0,2011,325,1839,0,0,0,13.2,1010,1.613,215.9,13.41,0.146,1.879,0,0,0,-0.086231,0,112.9,260.6,13.71,12.81,83.7,0,0.254
0,2011,325,1840,0,0,0,13.23,1010,1.493,221.7,10.44,0.132,1.613,0,0,0,0,0,113.1,260.7,13.67,12.81,83.7,0,0.254
0,2011,325,1841,0,0,0,13.23,1010,1.719,216.3,7.147,0.196,2.145,0,0,0,-0.043116,0,113.3,260.8,13.66,12.81,83.4,0,0.254
0,2011,325,1842,0,0,0,13.17,1010,1.613,217.9,8.64,0.119,1.879,0,0,0,0,0,113.5,261,13.65,12.81,83.5,0,0.254
0,2011,325,1843,0,0,0,13.16,1010,1.626,217.9,8.64,0.102,1.879,0,0,0,-0.129347,0,113.7,261.1,13.62,12.81,83.7,0,0.254
0,2011,325,1844,0,0,0,13.14,1010,1.559,217.8,7.501,0.136,1.879,0,0,0,-0.086231,0,113.9,261.2,13.6,12.81,83.8,0,0.254
0,2011,325,1845,0,0,0,13.15,1010,1.573,223.5,10.78,0.174,1.879,0,0,0,-0.043116,0,114.1,261.3,13.58,12.81,83.9,0,0.254
0,2011,325,1846,0,0,0,13.16,1010,1.56,222.2,11.74,0.136,1.879,0,0,0,-0.043116,0,114.3,261.5,13.56,12.81,84,0,0.254
0,2011,325,1847,0,0,0,13.18,1010,1.52,215.2,9.6,0.127,1.613,0,0,0,-0.086231,0,114.5,261.6,13.55,12.81,83.9,0,0.254
0,2011,325,1848,0,0,0,13.16,1010,1.546,219.1,8.67,0.166,1.879,0,0,0,0,0,114.8,261.7,13.53,12.81,84,0,0.254
0,2011,325,1849,0,0,0,13.12,1010,1.573,222.1,12.44,0.174,1.879,0,0,0,-0.086231,0,115,261.8,13.51,12.81,84.1,0,0.254
0,2011,325,1850,0,0,0,13.13,1010,1.426,217.2,17.66,0.122,1.613,0,0,0,-0.043116,0,115.2,262,13.48,12.81,84.5,0,0.254
0,2011,325,1851,0,0,0,13.18,1010,1.227,218.3,33.92,0.214,1.613,0,0,0,-0.043116,0,115.4,262.1,13.47,12.81,84.6,0,0.254
0,2011,325,1852,0,0,0,13.2,1010,0.894,226.5,33.36,0.208,1.346,0,0,0,-0.129347,0,115.6,262.2,13.46,12.81,84.5,0,0.254
0,2011,325,1853,0,0,0,13.28,1010,0.518,222.9,28.21,0.283,0.814,0,0,0,0,0,115.8,262.4,13.44,12.81,84.8,0,0.254
0,2011,325,1854,0,0,0,13.42,1010,0.192,267.7,27.01,0.261,0.547,0,0,0,-0.129347,0,116,262.5,13.42,12.81,84.8,0,0.254
0,2011,325,1855,0,0,0,13.48,1010,0.367,247.4,13.27,0.386,1.08,0,0,0,-0.043116,0,116.2,262.6,13.4,12.81,84.3,0,0.254
0,2011,325,1856,0,0,0,13.5,1010,0.488,238.5,11.7,0.488,1.346,0,0,0,-0.043116,0,116.4,262.7,13.38,12.81,84,0,0.254
0,2011,325,1857,0,0,0,13.5,1010,0.947,240.7,24.48,0.273,1.346,0,0,0,-0.043116,0,116.6,262.9,13.38,12.8,83.7,0,0.254
0,2011,325,1858,0,0,0,13.44,1010,0.786,244.8,33.07,0.254,1.08,0,0,0,-0.086231,0,116.8,263,13.35,12.8,83.7,0,0.254
0,2011,325,1859,0,0,0,13.45,1010,0.787,244.6,53.49,0.143,1.08,0,0,0,0,0,117,263.1,13.34,12.8,84.3,0,0.254
0,2011,325,1900,0,0,0,13.5,1010,0.774,224.8,27.9,0.174,1.08,0,0,0,-0.043116,0,117.2,263.2,13.33,12.8,84.2,0,0.254
0,2011,325,1901,0,0,0,13.54,1010,0.681,224.5,24.03,0.158,1.08,0,0,0,0,0,117.4,263.4,13.32,12.77,84.3,0,0.254
0,2011,325,1902,0,0,0,13.58,1010,0.137,225.9,2.551,0.237,0.547,0,0,0,-0.043116,0,117.6,263.5,13.29,12.8,84,0,0.254
0,2011,325,1903,0,0,0,13.58,1010,0.287,245.3,17.96,0.293,0.814,0,0,0,-0.043116,0,117.8,263.6,13.28,12.8,83.9,0,0.254
0,2011,325,1904,0,0,0,13.61,1010,0.531,241,17.88,0.291,0.814,0,0,0,-0.043116,0,118,263.7,13.28,12.8,83.6,0,0.254
0,2011,325,1905,0,0,0,13.52,1010,0,0,0,0,0,0,0,0,-0.086231,0,118.3,263.9,13.27,12.8,83.6,0,0.254
0,2011,325,1906,0,0,0,13.62,1010,0.027,244.7,0,0.119,0.547,0,0,0,0,0,118.5,264,13.26,12.8,83.8,0,0.254
0,2011,325,1907,0,0,0,13.52,1010,0.41,280.8,10.8,0.279,0.814,0,0,0,0,0,118.7,264.1,13.25,12.8,82.9,0,0.254
0,2011,325,1908,0,0,0,13.48,1010,0.027,276.8,0,0.119,0.547,0,0,0,-0.086231,0,118.9,264.3,13.23,12.8,83.8,0,0.254
0,2011,325,1909,0,0,0,13.54,1010,0,0,0,0,0,0,0,0,0,0,119.1,264.4,13.22,12.8,84.3,0,0.254
0,2011,325,1910,0,0,0,13.64,1010,0.082,251.7,7.328,0.195,0.547,0,0,0,0,0,119.3,264.5,13.21,12.8,84,0,0.254
0,2011,325,1911,0,0,0,13.55,1010,0.693,239.8,12.68,0.217,1.08,0,0,0,0,0,119.5,264.6,13.2,12.8,82.8,0,0.254
0,2011,325,1912,0,0,0,13.44,1010,0.721,234.8,12.75,0.152,1.08,0,0,0,-0.086231,0,119.7,264.8,13.19,12.8,83.3,0,0.254
0,2011,325,1913,0,0,0,13.39,1010,0.733,235.9,21.4,0.242,1.08,0,0,0,0,0,119.9,264.9,13.19,12.8,83.7,0,0.254
0,2011,325,1914,0,0,0,13.39,1010,0.774,225.9,18.85,0.174,1.08,0,0,0,-0.043116,0,120.1,265,13.18,12.8,83.4,0,0.254
0,2011,325,1915,0,0,0,13.31,1010,0.787,224.6,15.99,0.143,1.08,0,0,0,0,0,120.3,265.2,13.16,12.8,83.5,0,0.254
0,2011,325,1916,0,0,0,13.26,1010,0.854,231.3,26.58,0.227,1.346,0,0,0,0,0,120.5,265.3,13.14,12.8,83.7,0,0.254
0,2011,325,1917,0,0,0,13.22,1010,0.854,224,16.64,0.174,1.08,0,0,0,0,0,120.7,265.4,13.14,12.8,84,0,0.254
0,2011,325,1918,0,0,0,13.3,1010,1,227.7,12.79,0.19,1.346,0,0,0,-0.086231,0,120.9,265.5,13.13,12.8,84.5,0,0.254
0,2011,325,1919,0,0,0,13.28,1010,1.093,234.4,8.41,0.132,1.346,0,0,0,0,0,121.1,265.7,13.11,12.8,83.5,0,0.254
0,2011,325,1920,0,0,0,13.23,1010,1.133,239.6,10.56,0.136,1.346,0,0,0,-0.043116,0,121.4,265.8,13.11,12.8,83.8,0,0.254
0,2011,325,1921,0,0,0,13.18,1010,0.987,240.9,16.14,0.127,1.08,0,0,0,0,0,121.6,265.9,13.09,12.8,83.8,0,0.254
0,2011,325,1922,0,0,0,13.14,1010,0.934,227.7,18.37,0.214,1.346,0,0,0,-0.086231,0,121.8,266.1,13.08,12.79,84.3,0,0.254
0,2011,325,1923,0,0,0,13.15,1010,1,231.4,27.43,0.19,1.346,0,0,0,0,0,122,266.2,13.07,12.79,84.3,0,0.254
0,2011,325,1924,0,0,0,13.17,1010,0.987,227.9,12.93,0.127,1.08,0,0,0,0,0,122.2,266.3,13.05,12.79,84.6,0,0.254
0,2011,325,1925,0,0,0,13.16,1010,0.907,218.1,8.4,0.127,1.08,0,0,0,-0.043116,0,122.4,266.5,13.05,12.79,84.3,0,0.254
0,2011,325,1926,0,0,0,13.13,1010,0.747,225.2,8.75,0.115,0.814,0,0,0,-0.043116,0,122.6,266.6,13.02,12.79,84.3,0,0.254
0,2011,325,1927,0,0,0,13.08,1010,0.96,237.4,11.53,0.132,1.08,0,0,0,0,0,122.8,266.7,13.01,12.78,84.2,0,0.254
0,2011,325,1928,0,0,0,13.03,1010,0.665,202.4,48.26,0.346,1.08,0,0,0,-0.043116,0,123,266.9,13,12.79,84.6,0,0.254
0,2011,325,1929,0,0,0,13.12,1010,0.382,171.8,28.23,0.291,0.814,0,0,0,-0.129347,0,123.2,267,12.99,12.79,85.1,0,0.254
0,2011,325,1930,0,0,0,13.22,1010,0.204,7.368,0.648,0.32,0.814,0,0,0,-0.043116,0,123.4,267.1,12.98,12.78,85,0,0.254
0,2011,325,1931,0,0,0,13.36,1010,0.301,47.58,25.97,0.272,0.547,0,0,0,0,0,123.6,267.3,12.95,12.75,85.1,0,0.254
0,2011,325,1932,0,0,0,13.46,1010,0,0,0,0,0,0,0,0,-0.043116,0,123.8,267.4,12.95,12.78,84.8,0,0.254
0,2011,325,1933,0,0,0,13.52,1010,0,0,0,0,0,0,0,0,0,0,124,267.5,12.95,12.79,84.6,0,0.254
0,2011,325,1934,0,0,0,13.61,1010,0,0,0,0,0,0,0,0,-0.086231,0,124.3,267.7,12.93,12.79,84.4,0,0.254
0,2011,325,1935,0,0,0,13.69,1010,0,0,0,0,0,0,0,0,0,0,124.5,267.8,12.93,12.79,83.7,0,0.254
0,2011,325,1936,0,0,0,13.68,1010,0.027,344,0,0.119,0.547,0,0,0,-0.172463,0,124.7,267.9,12.93,12.79,83.5,0,0.254
0,2011,325,1937,0,0,0,13.73,1010,0.055,97,9.22,0.164,0.547,0,0,0,-0.129348,0,124.9,268.1,12.91,12.79,83.5,0,0.254
0,2011,325,1938,0,0,0,13.75,1010,0.027,132.8,0,0.119,0.547,0,0,0,-0.086232,0,125.1,268.2,12.91,12.79,82.8,0,0.254
0,2011,325,1939,0,0,0,13.74,1010,0,0,0,0,0,0,0,0,0,0,125.3,268.3,12.91,12.79,82.8,0,0.254
0,2011,325,1940,0,0,0,13.77,1010,0.082,74.32,5.947,0.195,0.547,0,0,0,-0.043116,0,125.5,268.5,12.91,12.79,82.4,0,0.254
0,2011,325,1941,0,0,0,13.7,1010,0.027,133.3,0,0.119,0.547,0,0,0,-0.043117,0,125.7,268.6,12.91,12.79,82.5,0,0.254
0,2011,325,1942,0,0,0,13.7,1010,0,0,0,0,0,0,0,0,0,0,125.9,268.7,12.91,12.79,82.9,0,0.254
0,2011,325,1943,0,0,0,13.7,1010,0,0,0,0,0,0,0,0,0,0,126.1,268.9,12.91,12.79,82.9,0,0.254
0,2011,325,1944,0,0,0,13.74,1010,0,0,0,0,0,0,0,0,-0.043117,0,126.3,269,12.91,12.79,83.3,0,0.254
0,2011,325,1945,0,0,0,13.82,1010,0,0,0,0,0,0,0,0,0,0,126.5,269.1,12.91,12.79,83.1,0,0.254
0,2011,325,1946,0,0,0,13.83,1010,0,0,0,0,0,0,0,0,0,0,126.7,269.3,12.91,12.78,82.5,0,0.254
0,2011,325,1947,0,0,0,13.84,1010,0,0,0,0,0,0,0,0,-0.043117,0,126.9,269.4,12.91,12.79,82.7,0,0.254
0,2011,325,1948,0,0,0,13.85,1010,0,0,0,0,0,0,0,0,-0.043117,0,127.2,269.6,12.91,12.78,82.5,0,0.254
0,2011,325,1949,0,0,0,13.81,1010,0,0,0,0,0,0,0,0,0,0,127.4,269.7,12.91,12.78,82.2,0,0.254
0,2011,325,1950,0,0,0,13.78,1010,0,0,0,0,0,0,0,0,-0.043116,0,127.6,269.8,12.91,12.78,82.4,0,0.254
0,2011,325,1951,0,0,0,13.81,1010,0,0,0,0,0,0,0,0,-0.043116,0,127.8,270,12.91,12.78,82.7,0,0.254
0,2011,325,1952,0,0,0,13.81,1010,0,0,0,0,0,0,0,0,-0.043116,0,128,270.1,12.91,12.78,82.3,0,0.254
0,2011,325,1953,0,0,0,13.72,1010,0,0,0,0,0,0,0,0,-0.043116,0,128.2,270.3,12.91,12.78,82,0,0.254
0,2011,325,1954,0,0,0,13.62,1010,0.027,129.4,0,0.119,0.547,0,0,0,0,0,128.4,270.4,12.91,12.78,82.5,0,0.254
0,2011,325,1955,0,0,0,13.54,1010,0.164,80.7,4.598,0.251,0.547,0,0,0,0,0,128.6,270.5,12.91,12.78,82.7,0,0.254
0,2011,325,1956,0,0,0,13.48,1010,0.055,41.31,7.368,0.164,0.547,0,0,0,0,0,128.8,270.7,12.91,12.78,83.3,0,0.254
0,2011,325,1957,0,0,0,13.41,1010,0.027,43.34,0.004,0.119,0.547,0,0,0,0,0,129,270.8,12.91,12.77,83.5,0,0.254
0,2011,325,1958,0,0,0,13.36,1010,0.055,77.48,1.793,0.164,0.547,0,0,0,0,0,129.2,271,12.91,12.78,83.8,0,0.254
0,2011,325,1959,0,0,0,13.3,1010,0.274,107.3,10.32,0.274,0.547,0,0,0,0,0,129.4,271.1,12.91,12.78,83.9,0,0.254
0,2011,325,2000,0,0,0,13.22,1010,0.055,113.9,2.459,0.164,0.547,0,0,0,0,0,129.6,271.2,12.92,12.77,84.2,0,0.254
0,2011,325,2001,0,0,0,13.23,1010,0,0,0,0,0,0,0,0,0,0,129.9,271.4,12.93,12.73,84.7,0,0.254
0,2011,325,2002,0,0,0,13.27,1010,0,0,0,0,0,0,0,0,0,0,130.1,271.5,12.93,12.78,84.8,0,0.254
0,2011,325,2003,0,0,0,13.27,1010,0.027,8.99,0,0.119,0.547,0,0,0,0,0,130.3,271.7,12.93,12.78,84.7,0,0.254
0,2011,325,2004,0,0,0,13.32,1010,0,0,0,0,0,0,0,0,0,0,130.5,271.8,12.93,12.78,84.9,0,0.254
0,2011,325,2005,0,0,0,13.43,1010,0.533,64.49,47.09,0.201,0.814,0,0,0,-0.043117,0,130.7,272,12.93,12.78,84.9,0,0.254
0,2011,325,2006,0,0,0,13.43,1010,0.137,78.3,10.48,0.237,0.547,0,0,0,-0.043117,0,130.9,272.1,12.93,12.78,84.4,0,0.254
0,2011,325,2007,0,0,0,13.49,1010,0.355,66.85,24.19,0.3,0.814,0,0,0,0,0,131.1,272.3,12.93,12.78,84.5,0,0.254
0,2011,325,2008,0,0,0,13.49,1010,0.505,75.31,18.74,0.232,0.814,0,0,0,-0.043117,0,131.3,272.4,12.93,12.78,84.2,0,0.254
0,2011,325,2009,0,0,0,13.5,1010,0.027,43.58,0,0.119,0.547,0,0,0,0,0,131.5,272.6,12.91,12.78,84.4,0,0.254
0,2011,325,2010,0,0,0,13.5,1010,0.137,82.1,30.77,0.237,0.547,0,0,0,0,0,131.7,272.7,12.92,12.78,84.3,0,0.254
0,2011,325,2011,0,0,0,13.55,1010,0.411,71.18,22.87,0.237,0.547,0,0,0,-0.043117,0,131.9,272.8,12.92,12.78,84.1,0,0.254
0,2011,325,2012,0,0,0,13.59,1010,0.192,62.64,18.3,0.261,0.547,0,0,0,-0.043117,0,132.1,273,12.91,12.78,84.1,0,0.254
0,2011,325,2013,0,0,0,13.65,1010,0.219,81.6,33.55,0.268,0.547,0,0,0,0,0,132.3,273.1,12.91,12.78,83.7,0,0.254
0,2011,325,2014,0,0,0,13.6,1010,0,0,0,0,0,0,0,0,-0.043117,0,132.5,273.3,12.91,12.78,83.3,0,0.254
0,2011,325,2015,0,0,0,13.51,1010,0,0,0,0,0,0,0,0,-0.043117,0,132.8,273.4,12.91,12.78,83.8,0,0.254
0,2011,325,2016,0,0,0,13.52,1010,0,0,0,0,0,0,0,0,-0.086235,0,133,273.6,12.92,12.78,84.2,0,0.254
0,2011,325,2017,0,0,0,13.54,1010,0,0,0,0,0,0,0,0,-0.043117,0,133.2,273.7,12.92,12.77,84.2,0,0.254
0,2011,325,2018,0,0,0,13.52,1010,0,0,0,0,0,0,0,0,-0.043117,0,133.4,273.9,12.93,12.77,83.6,0,0.254
0,2011,325,2019,0,0,0,13.41,1010,0,0,0,0,0,0,0,0,0,0,133.6,274.1,12.93,12.77,83.7,0,0.254
0,2011,325,2020,0,0,0,13.4,1010,0,0,0,0,0,0,0,0,-0.086234,0,133.8,274.2,12.93,12.77,84.5,0,0.254
0,2011,325,2021,0,0,0,13.46,1010,0,0,0,0,0,0,0,0,-0.086234,0,134,274.4,12.93,12.77,84.7,0,0.254
0,2011,325,2022,0,0,0,13.5,1010,0,0,0,0,0,0,0,0,-0.129352,0,134.2,274.5,12.93,12.77,84.4,0,0.254
0,2011,325,2023,0,0,0,13.52,1010,0.027,133.8,0,0.119,0.547,0,0,0,-0.086235,0,134.4,274.7,12.93,12.77,84.3,0,0.254
0,2011,325,2024,0,0,0,13.5,1010,0,0,0,0,0,0,0,0,0,0,134.6,274.8,12.93,12.77,83.8,0,0.254
0,2011,325,2025,0,0,0,13.41,1010,0.027,73.39,0,0.119,0.547,0,0,0,-0.043118,0,134.8,275,12.92,12.77,84,0,0.254
0,2011,325,2026,0,0,0,13.32,1010,0.027,79.7,0,0.119,0.547,0,0,0,-0.043118,0,135,275.1,12.92,12.77,84.1,0,0.254
0,2011,325,2027,0,0,0,13.26,1010,0.027,120.8,0,0.119,0.547,0,0,0,0,0,135.2,275.3,12.91,12.76,84.6,0,0.254
0,2011,325,2028,0,0,0,13.2,1010,0.055,104.8,1.278,0.164,0.547,0,0,0,0,0,135.4,275.5,12.92,12.77,84.6,0,0.254
0,2011,325,2029,0,0,0,13.12,1010,0.137,85.3,14.95,0.237,0.547,0,0,0,0,0,135.6,275.6,12.91,12.76,84.8,0,0.254
0,2011,325,2030,0,0,0,13.04,1010,0.219,88.9,8.6,0.268,0.547,0,0,0,-0.129352,0,135.9,275.8,12.91,12.76,84.9,0,0.254
0,2011,325,2031,0,0,0,12.96,1010,0.027,157.8,0.004,0.119,0.547,0,0,0,0,0,136.1,275.9,12.91,12.73,85.1,0,0.254
0,2011,325,2032,0,0,0,12.91,1010,0,0,0,0,0,0,0,0,-0.086235,0,136.3,276.1,12.91,12.77,85.6,0,0.254
0,2011,325,2033,0,0,0,12.9,1010,0,0,0,0,0,0,0,0,0,0,136.5,276.3,12.91,12.77,86,0,0.254
0,2011,325,2034,0,0,0,12.92,1010,0,0,0,0,0,0,0,0,-0.086236,0,136.7,276.4,12.91,12.77,86.4,0,0.254
0,2011,325,2035,0,0,0,13.1,1010,0.027,322.5,0,0.119,0.547,0,0,0,0,0,136.9,276.6,12.91,12.77,86.8,0,0.254
0,2011,325,2036,0,0,0,13.24,1010,0,0,0,0,0,0,0,0,-0.086236,0,137.1,276.8,12.9,12.77,86.2,0,0.254
0,2011,325,2037,0,0,0,13.27,1010,0,0,0,0,0,0,0,0,-0.043118,0,137.3,276.9,12.88,12.77,85.6,0,0.254
0,2011,325,2038,0,0,0,13.23,1010,0.109,337.6,26.57,0.219,0.547,0,0,0,-0.043118,0,137.5,277.1,12.88,12.77,85.4,0,0.254
0,2011,325,2039,0,0,0,13.23,1010,0,0,0,0,0,0,0,0,-0.043118,0,137.7,277.3,12.87,12.76,85.3,0,0.254
0,2011,325,2040,0,0,0,13.21,1010,0.26,70.99,45.37,0.293,0.814,0,0,0,-0.086238,0,137.9,277.4,12.86,12.77,85.4,0,0.254
0,2011,325,2041,0,0,0,13.27,1010,0.164,88.3,18.04,0.251,0.547,0,0,0,0,0,138.1,277.6,12.86,12.76,85.3,0,0.254
0,2011,325,2042,0,0,0,13.28,1010,0.055,357.5,14.11,0.164,0.547,0,0,0,0,0,138.3,277.8,12.86,12.76,85,0,0.254
0,2011,325,2043,0,0,0,13.23,1010,0.027,304.3,0.004,0.119,0.547,0,0,0,-0.043119,0,138.5,277.9,12.85,12.76,85,0,0.254
0,2011,325,2044,0,0,0,13.26,1010,0.382,68.69,25.49,0.291,0.814,0,0,0,-0.043119,0,138.7,278.1,12.84,12.76,85.5,0,0.254
0,2011,325,2045,0,0,0,13.37,1010,0.232,21.13,12.16,0.29,0.814,0,0,0,-0.043119,0,138.9,278.3,12.83,12.76,85.5,0,0.254
0,2011,325,2046,0,0,0,13.49,1010,0.082,26.81,15.89,0.195,0.547,0,0,0,0,0,139.1,278.5,12.83,12.76,85.1,0,0.254
0,2011,325,2047,0,0,0,13.54,1010,0.055,7.128,1.801,0.164,0.547,0,0,0,0,0,139.4,278.6,12.81,12.76,84.6,0,0.254
0,2011,325,2048,0,0,0,13.53,1010,0.328,58.19,30.38,0.268,0.547,0,0,0,-0.086236,0,139.6,278.8,12.81,12.76,84.2,0,0.254
0,2011,325,2049,0,0,0,13.42,1010,0.287,59.76,30.56,0.293,0.814,0,0,0,-0.043118,0,139.8,279,12.81,12.76,84.2,0,0.254
0,2011,325,2050,0,0,0,13.34,1010,0.438,57.64,34.14,0.219,0.547,0,0,0,0,0,140,279.2,12.81,12.76,84.2,0,0.254
0,2011,325,2051,0,0,0,13.21,1010,0.438,63.53,28.98,0.219,0.547,0,0,0,-0.043118,0,140.2,279.3,12.8,12.76,84.6,0,0.254
0,2011,325,2052,0,0,0,13.21,1010,0.287,70.32,19.14,0.293,0.814,0,0,0,-0.043118,0,140.4,279.5,12.79,12.76,85.5,0,0.254
0,2011,325,2053,0,0,0,13.23,1010,0.438,55.17,25.54,0.219,0.547,0,0,0,0,0,140.6,279.7,12.79,12.76,85.3,0,0.254
0,2011,325,2054,0,0,0,13.21,1010,0.355,77.88,21.49,0.3,0.814,0,0,0,0,0,140.8,279.9,12.78,12.76,85.5,0,0.254
0,2011,325,2055,0,0,0,13.23,1010,0.027,88.7,0.003,0.119,0.547,0,0,0,0,0,141,280.1,12.77,12.76,85.4,0,0.254
0,2011,325,2056,0,0,0,13.2,1010,0.055,345.1,11.46,0.164,0.547,0,0,0,-0.086235,0,141.2,280.3,12.77,12.76,85.6,0,0.254
0,2011,325,2057,0,0,0,13.25,1010,0.369,50.14,11.51,0.277,0.814,0,0,0,0,0,141.4,280.4,12.77,12.75,85.7,0,0.254
0,2011,325,2058,0,0,0,13.34,1010,0.137,62.19,14.8,0.237,0.547,0,0,0,-0.043118,0,141.6,280.6,12.77,12.76,85.4,0,0.254
0,2011,325,2059,0,0,0,13.42,1010,0.383,69.2,29.81,0.251,0.547,0,0,0,-0.129353,0,141.8,280.8,12.74,12.75,84.8,0,0.254
0,2011,325,2100,0,0,0,13.45,1010,0.137,63.64,8.78,0.237,0.547,0,0,0,-0.043118,0,142,281,12.74,12.75,84.5,0,0.254
0,2011,325,2101,0,0,0,13.41,1010,0.246,86.3,20.72,0.272,0.547,0,0,0,0,0,142.2,281.2,12.74,12.72,84.1,0,0.254
0,2011,325,2102,0,0,0,13.32,1010,0.397,56.41,26.44,0.266,0.814,0,0,0,-0.043118,0,142.4,281.4,12.72,12.76,84.3,0,0.254
0,2011,325,2103,0,0,0,13.27,1010,0.027,47.17,0,0.119,0.547,0,0,0,0,0,142.6,281.6,12.72,12.76,84.8,0,0.254
0,2011,325,2104,0,0,0,13.27,1010,0,0,0,0,0,0,0,0,-0.043118,0,142.8,281.8,12.72,12.76,85.1,0,0.254
0,2011,325,2105,0,0,0,13.27,1010,0,0,0,0,0,0,0,0,-0.086237,0,143,282,12.72,12.76,85,0,0.254
0,2011,325,2106,0,0,0,13.22,1010,0,0,0,0,0,0,0,0,0,0,143.2,282.2,12.72,12.76,84.9,0,0.254
0,2011,325,2107,0,0,0,13.19,1010,0,0,0,0,0,0,0,0,0,0,143.4,282.4,12.72,12.76,84.9,0,0.254
0,2011,325,2108,0,0,0,13.15,1010,0.055,61.62,3.468,0.164,0.547,0,0,0,-0.129356,0,143.6,282.6,12.71,12.76,85,0,0.254
0,2011,325,2109,0,0,0,13.15,1010,0.383,62.36,15.38,0.251,0.547,0,0,0,0,0,143.8,282.8,12.71,12.75,85.2,0,0.254
0,2011,325,2110,0,0,0,13.15,1010,0.451,68.63,31.55,0.233,0.814,0,0,0,-0.043119,0,144,283,12.7,12.75,85.2,0,0.254
0,2011,325,2111,0,0,0,13.13,1010,0.192,41,13.56,0.261,0.547,0,0,0,0,0,144.2,283.2,12.7,12.75,85.3,0,0.254
0,2011,325,2112,0,0,0,13.18,1010,0.137,24.17,2.733,0.237,0.547,0,0,0,-0.129357,0,144.4,283.4,12.7,12.75,85.4,0,0.254
0,2011,325,2113,0,0,0,13.28,1010,0.027,7.559,0,0.119,0.547,0,0,0,-0.086238,0,144.6,283.6,12.67,12.75,85,0,0.254
0,2011,325,2114,0,0,0,13.27,1010,0,0,0,0,0,0,0,0,0,0,144.8,283.8,12.67,12.75,84.8,0,0.254
0,2011,325,2115,0,0,0,13.3,1010,0,0,0,0,0,0,0,0,-0.043119,0,145,284,12.67,12.75,84.9,0,0.254
0,2011,325,2116,0,0,0,13.34,1010,0.082,3.362,1.633,0.195,0.547,0,0,0,-0.043119,0,145.2,284.2,12.67,12.75,85,0,0.254
0,2011,325,2117,0,0,0,13.41,1010,0.027,42.39,0,0.119,0.547,0,0,0,0,0,145.4,284.4,12.67,12.75,84.7,0,0.254
0,2011,325,2118,0,0,0,13.44,1010,0.109,14.04,2.142,0.219,0.547,0,0,0,0,0,145.6,284.7,12.66,12.75,84.3,0,0.254
0,2011,325,2119,0,0,0,13.44,1010,0.814,6.525,14.97,0.119,1.08,0,0,0,-0.086239,0,145.8,284.9,12.65,12.75,83.9,0,0.254
0,2011,325,2120,0,0,0,13.36,1010,0.92,11.98,11.87,0.155,1.08,0,0,0,-0.043119,0,146,285.1,12.65,12.75,83.4,0,0.254
0,2011,325,2121,0,0,0,13.32,1010,1.053,14,12.16,0.166,1.346,0,0,0,-0.129358,0,146.2,285.3,12.64,12.75,83.6,0,0.254
0,2011,325,2122,0,0,0,13.35,1010,1.04,13.49,16.09,0.193,1.346,0,0,0,-0.172479,0,146.4,285.5,12.64,12.75,83.4,0,0.254
0,2011,325,2123,0,0,0,13.35,1010,1.093,12.95,18.05,0.132,1.346,0,0,0,-0.043120,0,146.6,285.8,12.63,12.75,83.2,0,0.254
0,2011,325,2124,0,0,0,13.38,1010,1.147,15.04,15.88,0.29,1.613,0,0,0,-0.043120,0,146.8,286,12.63,12.75,83.3,0,0.254
0,2011,325,2125,0,0,0,13.37,1010,0.907,19.5,7.553,0.174,1.346,0,0,0,-0.086240,0,147,286.2,12.63,12.75,82.9,0,0.254
0,2011,325,2126,0,0,0,13.35,1010,1.027,15.85,10.43,0.107,1.08,0,0,0,-0.043120,0,147.2,286.4,12.63,12.75,83.2,0,0.254
0,2011,325,2127,0,0,0,13.34,1010,0.654,10.4,27.24,0.13,0.814,0,0,0,-0.043120,0,147.4,286.7,12.6,12.74,83,0,0.254
0,2011,325,2128,0,0,0,13.3,1010,0.49,22.06,6.954,0.305,0.814,0,0,0,-0.043120,0,147.6,286.9,12.62,12.75,83.4,0,0.254
0,2011,325,2129,0,0,0,13.29,1010,0.191,11.07,13.15,0.3,0.814,0,0,0,-0.043121,0,147.8,287.1,12.6,12.75,83.3,0,0.254
0,2011,325,2130,0,0,0,13.26,1010,0.573,13.22,13.13,0.169,0.814,0,0,0,-0.043121,0,148,287.4,12.6,12.75,83.2,0,0.254
0,2011,325,2131,0,0,0,13.22,1010,0.84,20.44,10.65,0.166,1.08,0,0,0,0,0,148.2,287.6,12.6,12.72,83.5,0,0.254
0,2011,325,2132,0,0,0,13.18,1010,0.464,25.03,8.31,0.287,0.814,0,0,0,-0.043121,0,148.4,287.9,12.59,12.75,83.1,0,0.254
0,2011,325,2133,0,0,0,13.13,1010,0.382,6.393,16.95,0.326,0.814,0,0,0,0,0,148.6,288.1,12.58,12.75,83.4,0,0.254
0,2011,325,2134,0,0,0,13.12,1010,0.232,349.6,13.05,0.29,0.814,0,0,0,-0.086243,0,148.8,288.4,12.58,12.75,83.7,0,0.254
0,2011,325,2135,0,0,0,13.04,1010,0,0,0,0,0,0,0,0,-0.043122,0,149,288.6,12.58,12.75,83.6,0,0.254
0,2011,325,2136,0,0,0,13.05,1010,0.055,357.9,5.759,0.164,0.547,0,0,0,0,0,149.2,288.9,12.58,12.75,84,0,0.254
0,2011,325,2137,0,0,0,13.03,1010,0,0,0,0,0,0,0,0,-0.043122,0,149.4,289.1,12.57,12.75,84,0,0.254
0,2011,325,2138,0,0,0,13.07,1010,0.368,26.34,5.302,0.314,0.814,0,0,0,0,0,149.6,289.4,12.56,12.75,83.9,0,0.254
0,2011,325,2139,0,0,0,13.12,1010,0.774,22.11,5.491,0.174,1.08,0,0,0,-0.043122,0,149.8,289.6,12.55,12.75,84.2,0,0.254
0,2011,325,2140,0,0,0,13.14,1010,0.027,48.7,0.004,0.119,0.547,0,0,0,0,0,150,289.9,12.53,12.75,83.7,0,0.254
0,2011,325,2141,0,0,0,13.02,1010,0.082,97.9,14.21,0.195,0.547,0,0,0,0,0,150.2,290.1,12.53,12.75,83.4,0,0.254
0,2011,325,2142,0,0,0,12.97,1010,0.219,88.4,14.23,0.268,0.547,0,0,0,0,0,150.4,290.4,12.53,12.75,83.6,0,0.254
0,2011,325,2143,0,0,0,12.96,1010,0.192,69.4,15.91,0.261,0.547,0,0,0,-0.086245,0,150.6,290.7,12.53,12.74,84,0,0.254
0,2011,325,2144,0,0,0,12.89,1010,0.45,88.7,12.97,0.313,0.814,0,0,0,0,0,150.8,290.9,12.52,12.74,83.9,0,0.254
0,2011,325,2145,0,0,0,12.8,1010,0.259,93.2,23.83,0.327,0.814,0,0,0,-0.043122,0,151,291.2,12.51,12.74,83.8,0,0.254
0,2011,325,2146,0,0,0,12.59,1010,0.491,93.3,13.93,0.266,0.814,0,0,0,0,0,151.2,291.5,12.51,12.74,84,0,0.254
0,2011,325,2147,0,0,0,12.43,1010,0.462,95.1,7.884,0.365,1.08,0,0,0,-0.086245,0,151.4,291.8,12.51,12.74,84.8,0,0.254
0,2011,325,2148,0,0,0,12.24,1010,0.517,78.5,17.42,0.331,1.08,0,0,0,0,0,151.6,292.1,12.49,12.74,85.1,0,0.254
0,2011,325,2149,0,0,0,12.11,1010,0.747,83.5,16.95,0.115,0.814,0,0,0,-0.043123,0,151.7,292.3,12.49,12.74,86,0,0.254
0,2011,325,2150,0,0,0,12.04,1010,0.8,81.6,15.71,0.102,1.08,0,0,0,0,0,151.9,292.6,12.48,12.74,86.5,0,0.254
0,2011,325,2151,0,0,0,11.96,1010,0.721,75.77,13.82,0.174,1.08,0,0,0,-0.043123,0,152.1,292.9,12.48,12.74,86.8,0,0.254
0,2011,325,2152,0,0,0,11.96,1010,0.68,80.5,23.05,0.2,0.814,0,0,0,-0.043123,0,152.3,293.2,12.46,12.74,87.3,0,0.254
0,2011,325,2153,0,0,0,11.96,1010,0.572,76.34,17.94,0.27,0.814,0,0,0,0,0,152.5,293.5,12.44,12.74,87.3,0,0.254
0,2011,325,2154,0,0,0,11.96,1010,0.667,81.4,21.27,0.2,0.814,0,0,0,-0.043123,0,152.7,293.8,12.44,12.74,87.3,0,0.254
0,2011,325,2155,0,0,0,11.92,1010,0.601,80.5,28.85,0.107,0.814,0,0,0,-0.043123,0,152.9,294.1,12.44,12.74,87.1,0,0.254
0,2011,325,2156,0,0,0,11.97,1010,0.613,62.19,26.73,0.24,0.814,0,0,0,0,0,153.1,294.4,12.42,12.74,87.2,0,0.254
0,2011,325,2157,0,0,0,12.02,1010,0.96,48.27,7.568,0.132,1.08,0,0,0,0,0,153.3,294.7,12.39,12.73,87,0,0.254
0,2011,325,2158,0,0,0,12.12,1010,0.694,36.49,9.03,0.132,0.814,0,0,0,-0.129368,0,153.5,295,12.39,12.74,87.1,0,0.254
0,2011,325,2159,0,0,0,12.21,1010,0.893,21.57,12.1,0.415,1.346,0,0,0,-0.043123,0,153.6,295.4,12.39,12.74,86.5,0,0.254
0,2011,325,2200,0,0,0,12.28,1010,1.08,6.186,17.45,0.238,1.346,0,0,0,-0.043123,0,153.8,295.7,12.37,12.74,85.7,0,0.254
0,2011,325,2201,0,0,0,12.24,1010,0.583,15.43,6.156,0.446,1.346,0,0,0,-0.043123,0,154,296,12.36,12.69,84.9,0,0.254
0,2011,325,2202,0,0,0,12.14,1010,0.664,10.74,12.88,0.422,1.08,0,0,0,-0.086246,0,154.2,296.3,12.35,12.73,84.3,0,0.254
0,2011,325,2203,0,0,0,11.96,1010,0.26,339.2,10.15,0.293,0.814,0,0,0,-0.043123,0,154.4,296.7,12.35,12.74,83.8,0,0.254
0,2011,325,2204,0,0,0,11.8,1010,0.082,17.29,1.341,0.195,0.547,0,0,0,0,0,154.6,297,12.33,12.74,83.8,0,0.254
0,2011,325,2205,0,0,0,11.64,1010,0.082,2.055,4.442,0.195,0.547,0,0,0,0,0,154.8,297.3,12.31,12.74,84.2,0,0.254
0,2011,325,2206,0,0,0,11.51,1010,0.352,35.79,3.841,0.453,1.08,0,0,0,0,0,154.9,297.7,12.29,12.74,84.3,0,0.254
0,2011,325,2207,0,0,0,11.37,1010,0.747,36.64,6.712,0.186,1.08,0,0,0,-0.043123,0,155.1,298,12.27,12.74,84.4,0,0.254
0,2011,325,2208,0,0,0,11.25,1010,1.213,36.28,9.93,0.198,1.613,0,0,0,-0.086246,0,155.3,298.4,12.24,12.74,84.7,0,0.254
0,2011,325,2209,0,0,0,11.14,1010,1.28,28.31,9.59,0.186,1.613,0,0,0,-0.086246,0,155.5,298.7,12.22,12.74,85,0,0.254
0,2011,325,2210,0,0,0,11.03,1010,1.386,34.5,9.59,0.211,1.613,0,0,0,0,0,155.7,299.1,12.2,12.74,85.3,0,0.254
0,2011,325,2211,0,0,0,10.93,1010,1.267,26.68,7.341,0.122,1.346,0,0,0,-0.043123,0,155.9,299.5,12.15,12.74,85.5,0,0.254
0,2011,325,2212,0,0,0,10.84,1010,1.413,28.8,7.536,0.186,1.879,0,0,0,-0.043123,0,156,299.8,12.13,12.73,85.9,0,0.254
0,2011,325,2213,0,0,0,10.77,1010,1.852,23.06,7.765,0.186,2.145,0,0,0,-0.129370,0,156.2,300.2,12.09,12.73,86.3,0,0.254
0,2011,325,2214,0,0,0,10.7,1010,1.626,23.12,5.641,0.157,1.879,0,0,0,-0.086247,0,156.4,300.6,12.06,12.73,86.7,0,0.254
0,2011,325,2215,0,0,0,10.66,1010,1.52,20.15,4.321,0.152,1.879,0,0,0,-0.086247,0,156.6,301,12.01,12.73,86.9,0,0.254
0,2011,325,2216,0,0,0,10.6,1010,1.24,22.56,8.01,0.13,1.346,0,0,0,-0.043124,0,156.7,301.4,11.99,12.73,87.1,0,0.254
0,2011,325,2217,0,0,0,10.56,1010,1.12,15.33,6.239,0.193,1.346,0,0,0,-0.043124,0,156.9,301.7,11.92,12.73,87.4,0,0.254
0,2011,325,2218,0,0,0,10.52,1010,0.827,10.85,9.98,0.132,1.08,0,0,0,0,0,157.1,302.1,11.9,12.73,87.7,0,0.254
0,2011,325,2219,0,0,0,10.48,1010,1.173,13.89,8.73,0.152,1.346,0,0,0,-0.043124,0,157.3,302.5,11.86,12.73,87.9,0,0.254
0,2011,325,2220,0,0,0,10.45,1010,1.12,19.63,8.65,0.095,1.346,0,0,0,-0.086249,0,157.5,303,11.83,12.73,88.1,0,0.254
0,2011,325,2221,0,0,0,10.41,1010,1.24,19.05,10.43,0.284,1.613,0,0,0,0,0,157.6,303.4,11.78,12.73,88.3,0,0.254
0,2011,325,2222,0,0,0,10.38,1010,1.533,23.85,7.285,0.171,1.879,0,0,0,-0.129373,0,157.8,303.8,11.76,12.73,88.5,0,0.254
0,2011,325,2223,0,0,0,10.34,1010,1.426,23.13,6.984,0.171,1.613,0,0,0,-0.086249,0,158,304.2,11.71,12.73,88.6,0,0.254
0,2011,325,2224,0,0,0,10.3,1010,1.48,21.69,10.43,0.286,1.879,0,0,0,0,0,158.1,304.6,11.68,12.73,88.7,0,0.254
0,2011,325,2225,0,0,0,10.28,1010,1.4,21.28,7.357,0.216,1.613,0,0,0,-0.086249,0,158.3,305.1,11.63,12.73,88.9,0,0.254
0,2011,325,2226,0,0,0,10.27,1010,1.253,15.23,15.9,0.227,1.613,0,0,0,-0.043125,0,158.5,305.5,11.6,12.73,89.2,0,0.254
0,2011,325,2227,0,0,0,10.23,1010,1.147,13.06,16.03,0.265,1.613,0,0,0,-0.043125,0,158.6,306,11.55,12.72,89.3,0,0.254
0,2011,325,2228,0,0,0,10.2,1010,0.894,5.09,30.38,0.19,1.346,0,0,0,0,0,158.8,306.4,11.53,12.73,89.6,0,0.254
0,2011,325,2229,0,0,0,10.22,1010,0.92,13.23,16.45,0.196,1.346,0,0,0,-0.086250,0,159,306.9,11.48,12.73,89.9,0,0.254
0,2011,325,2230,0,0,0,10.22,1010,0.8,4.903,20.73,0.132,1.08,0,0,0,-0.043125,0,159.1,307.4,11.45,12.73,90.1,0,0.254
0,2011,325,2231,0,0,0,10.19,1010,0.055,346.8,0.855,0.164,0.547,0,0,0,-0.043126,0,159.3,307.8,11.42,12.69,90.1,0,0.254
0,2011,325,2232,0,0,0,10.16,1010,0,0,0,0,0,0,0,0,0,0,159.5,308.3,11.37,12.73,90.1,0,0.254
0,2011,325,2233,0,0,0,10.12,1010,0,0,0,0,0,0,0,0,-0.043126,0,159.6,308.8,11.35,12.73,90.2,0,0.254
0,2011,325,2234,0,0,0,10.07,1010,0.626,13.23,10.55,0.258,1.08,0,0,0,-0.043126,0,159.8,309.3,11.3,12.72,90.3,0,0.254
0,2011,325,2235,0,0,0,10.03,1010,1.014,18.47,6.703,0.115,1.08,0,0,0,-0.086253,0,160,309.8,11.27,12.73,90.5,0,0.254
0,2011,325,2236,0,0,0,9.95,1010,0.867,14.07,9.91,0.136,1.08,0,0,0,-0.043127,0,160.1,310.3,11.23,12.73,90.5,0,0.254
0,2011,325,2237,0,0,0,9.89,1010,0.987,19.92,9.21,0.152,1.346,0,0,0,-0.043127,0,160.3,310.8,11.19,12.73,90.4,0,0.254
0,2011,325,2238,0,0,0,9.81,1010,0.854,18.99,10,0.211,1.346,0,0,0,-0.043127,0,160.4,311.3,11.14,12.72,90.4,0,0.254
0,2011,325,2239,0,0,0,9.74,1010,0.449,359.1,10.13,0.346,0.814,0,0,0,-0.043128,0,160.6,311.9,11.12,12.72,90.4,0,0.254
0,2011,325,2240,0,0,0,9.65,1010,0.027,1.148,0,0.119,0.547,0,0,0,-0.043128,0,160.7,312.4,11.07,12.72,90.4,0,0.254
0,2011,325,2241,0,0,0,9.6,1010,0,0,0,0,0,0,0,0,0,0,160.9,312.9,11.04,12.72,90.5,0,0.254
0,2011,325,2242,0,0,0,9.57,1010,0,0,0,0,0,0,0,0,0,0,161,313.5,11,12.72,90.8,0,0.254
0,2011,325,2243,0,0,0,9.55,1010,0,0,0,0,0,0,0,0,-0.043129,0,161.2,314,10.96,12.72,91.1,0,0.254
0,2011,325,2244,0,0,0,9.69,1010,0,0,0,0,0,0,0,0,0,0,161.3,314.6,10.94,12.72,92.2,0,0.254
0,2011,325,2245,0,0,0,9.87,1010,0,0,0,0,0,0,0,0,0,0,161.5,315.2,10.89,12.72,92.8,0,0.254
0,2011,325,2246,0,0,0,9.92,1010,0,0,0,0,0,0,0,0,0,0,161.6,315.8,10.86,12.72,92.8,0,0.254
0,2011,325,2247,0,0,0,9.91,1010,0,0,0,0,0,0,0,0,-0.129387,0,161.8,316.4,10.82,12.72,92.6,0,0.254
0,2011,325,2248,0,0,0,9.83,1010,0,0,0,0,0,0,0,0,0,0,161.9,317,10.78,12.72,92.4,0,0.254
0,2011,325,2249,0,0,0,9.82,1010,0,0,0,0,0,0,0,0,0,0,162.1,317.6,10.75,12.72,92.5,0,0.254
0,2011,325,2250,0,0,0,9.78,1010,0,0,0,0,0,0,0,0,-0.086259,0,162.2,318.2,10.71,12.72,92.4,0,0.254
0,2011,325,2251,0,0,0,9.72,1010,0,0,0,0,0,0,0,0,-0.043129,0,162.3,318.8,10.67,12.72,92.3,0,0.254
0,2011,325,2252,0,0,0,9.68,1010,0,0,0,0,0,0,0,0,0,0,162.5,319.4,10.64,12.72,92.4,0,0.254
0,2011,325,2253,0,0,0,9.64,1010,0.559,12.87,8.87,0.218,0.814,0,0,0,0,0,162.6,320.1,10.62,12.72,92.5,0,0.254
0,2011,325,2254,0,0,0,9.61,1010,0.8,9.78,6.151,0.157,1.08,0,0,0,0,0,162.7,320.7,10.57,12.72,92.5,0,0.254
0,2011,325,2255,0,0,0,9.55,1010,0.654,10.3,11.66,0.13,0.814,0,0,0,-0.086259,0,162.9,321.4,10.54,12.72,92.5,0,0.254
0,2011,325,2256,0,0,0,9.53,1010,0.747,1.457,20.44,0.143,1.08,0,0,0,-0.043130,0,163,322.1,10.52,12.72,92.6,0,0.254
0,2011,325,2257,0,0,0,9.51,1010,0.137,3.997,5.175,0.237,0.547,0,0,0,0,0,163.1,322.7,10.48,12.71,92.7,0,0.254
0,2011,325,2258,0,0,0,9.49,1010,0.219,353.5,10.84,0.268,0.547,0,0,0,0,0,163.3,323.4,10.45,12.71,92.7,0,0.254
0,2011,325,2259,0,0,0,9.45,1010,0.314,8.31,5.697,0.325,0.814,0,0,0,0,0,163.4,324.1,10.41,12.71,92.8,0,0.254
0,2011,325,2300,0,0,0,9.41,1010,0.774,20.12,8.44,0.127,1.08,0,0,0,0,0,163.5,324.8,10.39,12.71,92.9,0,0.254
0,2011,325,2301,0,0,0,9.37,1010,0.45,15.42,7.194,0.313,0.814,0,0,0,-0.043130,0,163.6,325.5,10.36,12.67,92.9,0,0.254
0,2011,325,2302,0,0,0,9.36,1010,0.519,18.47,5.352,0.241,0.814,0,0,0,-0.129390,0,163.7,326.3,10.32,12.71,92.9,0,0.254
0,2011,325,2303,0,0,0,9.32,1010,0.273,14.62,4.523,0.311,0.814,0,0,0,0,0,163.8,327,10.3,12.71,93,0,0.254
0,2011,325,2304,0,0,0,9.3,1010,0,0,0,0,0,0,0,0,-0.043130,0,164,327.8,10.28,12.71,93.1,0,0.254
0,2011,325,2305,0,0,0,9.26,1010,0,0,0,0,0,0,0,0,-0.086260,0,164.1,328.5,10.25,12.71,93.1,0,0.254
0,2011,325,2306,0,0,0,9.25,1010,0,0,0,0,0,0,0,0,-0.086260,0,164.2,329.3,10.22,12.71,93.3,0,0.254
0,2011,325,2307,0,0,0,9.24,1010,0,0,0,0,0,0,0,0,0,0,164.3,330,10.19,12.71,93.4,0,0.254
0,2011,325,2308,0,0,0,9.22,1010,0,0,0,0,0,0,0,0,-0.043130,0,164.4,330.8,10.17,12.71,93.5,0,0.254
0,2011,325,2309,0,0,0,9.22,1010,0,0,0,0,0,0,0,0,-0.043130,0,164.5,331.6,10.13,12.71,93.7,0,0.254
0,2011,325,2310,0,0,0,9.21,1010,0,0,0,0,0,0,0,0,-0.043130,0,164.6,332.4,10.1,12.71,93.7,0,0.254
0,2011,325,2311,0,0,0,9.16,1010,0,0,0,0,0,0,0,0,-0.086260,0,164.7,333.2,10.08,12.71,93.7,0,0.254
0,2011,325,2312,0,0,0,9.14,1010,0,0,0,0,0,0,0,0,-0.043130,0,164.8,334,10.04,12.71,93.8,0,0.254
0,2011,325,2313,0,0,0,9.15,1010,0,0,0,0,0,0,0,0,0,0,164.9,334.9,10.03,12.71,93.9,0,0.254
0,2011,325,2314,0,0,0,9.14,1010,0,0,0,0,0,0,0,0,-0.086260,0,164.9,335.7,9.99,12.71,94,0,0.254
0,2011,325,2315,0,0,0,9.14,1010,0,0,0,0,0,0,0,0,0,0,165,336.6,9.96,12.71,94.1,0,0.254
0,2011,325,2316,0,0,0,9.12,1010,0,0,0,0,0,0,0,0,0,0,165.1,337.4,9.94,12.71,94.1,0,0.254
0,2011,325,2317,0,0,0,9.12,1010,0,0,0,0,0,0,0,0,-0.043130,0,165.2,338.3,9.92,12.71,94.2,0,0.254
0,2011,325,2318,0,0,0,9.1,1010,0,0,0,0,0,0,0,0,0,0,165.3,339.1,9.9,12.71,94.1,0,0.254
0,2011,325,2319,0,0,0,9.07,1010,0.082,15.02,0.682,0.195,0.547,0,0,0,0,0,165.3,340,9.86,12.71,94.2,0,0.254
0,2011,325,2320,0,0,0,9.07,1010,0.64,21.23,5.443,0.196,0.814,0,0,0,-0.086260,0,165.4,340.9,9.83,12.71,94.4,0,0.254
0,2011,325,2321,0,0,0,9.07,1010,0.411,18.14,5.206,0.237,0.547,0,0,0,-0.043130,0,165.5,341.8,9.82,12.71,94.5,0,0.254
0,2011,325,2322,0,0,0,9.03,1010,0.055,5.79,1.165,0.164,0.547,0,0,0,-0.086260,0,165.5,342.7,9.78,12.71,94.4,0,0.254
0,2011,325,2323,0,0,0,8.97,1010,0,0,0,0,0,0,0,0,-0.043130,0,165.6,343.6,9.76,12.71,94.4,0,0.254
0,2011,325,2324,0,0,0,8.94,1010,0.219,347.7,6.278,0.268,0.547,0,0,0,0,0,165.6,344.5,9.73,12.71,94.4,0,0.254
0,2011,325,2325,0,0,0,8.92,1010,0.465,353.4,15.99,0.195,0.547,0,0,0,0,0,165.7,345.5,9.71,12.71,94.5,0,0.254
0,2011,325,2326,0,0,0,8.93,1010,0.027,26.03,0.003,0.119,0.547,0,0,0,0,0,165.8,346.4,9.68,12.71,94.6,0,0.254
0,2011,325,2327,0,0,0,8.93,1010,0.772,5.55,12.81,0.402,1.346,0,0,0,-0.086260,0,165.8,347.3,9.65,12.69,94.7,0,0.254
0,2011,325,2328,0,0,0,8.92,1010,0.894,15.79,9.6,0.19,1.346,0,0,0,-0.043130,0,165.8,348.3,9.64,12.7,94.7,0,0.254
0,2011,325,2329,0,0,0,8.92,1010,1.093,18.58,9.8,0.132,1.346,0,0,0,-0.043130,0,165.9,349.2,9.6,12.7,94.7,0,0.254
0,2011,325,2330,0,0,0,8.91,1010,1.373,17.65,4.026,0.143,1.613,0,0,0,-0.043130,0,165.9,350.2,9.59,12.7,94.6,0,0.254
0,2011,325,2331,0,0,0,8.91,1010,1.373,18.26,4.626,0.166,1.613,0,0,0,0,0,166,351.1,9.56,12.67,94.5,0,0.254
0,2011,325,2332,0,0,0,8.92,1010,1.24,21.72,8.18,0.177,1.613,0,0,0,-0.043130,0,166,352.1,9.54,12.7,94.4,0,0.254
0,2011,325,2333,0,0,0,8.95,1010,1.107,22.95,12.74,0.143,1.346,0,0,0,-0.086260,0,166,353.1,9.51,12.7,94.4,0,0.254
0,2011,325,2334,0,0,0,9,1010,1.107,24.29,10.99,0.166,1.346,0,0,0,-0.043130,0,166,354,9.5,12.7,94.5,0,0.254
0,2011,325,2335,0,0,0,9.07,1010,1.267,16.07,8.55,0.148,1.613,0,0,0,0,0,166.1,355,9.48,12.7,94.6,0,0.254
0,2011,325,2336,0,0,0,9.1,1010,1.333,23.85,7.008,0.132,1.613,0,0,0,-0.043130,0,166.1,356,9.46,12.7,94.3,0,0.254
0,2011,325,2337,0,0,0,9.13,1010,1.453,20.22,8.62,0.244,1.879,0,0,0,0,0,166.1,356.9,9.45,12.7,94.3,0,0.254
0,2011,325,2338,0,0,0,9.15,1010,1.506,26.65,14.79,0.213,1.879,0,0,0,-0.043130,0,166.1,357.9,9.43,12.69,94.1,0,0.254
0,2011,325,2339,0,0,0,9.16,1010,1.626,25.17,11.59,0.157,1.879,0,0,0,-0.043130,0,166.1,358.9,9.41,12.7,93.9,0,0.254
0,2011,325,2340,0,0,0,9.24,1010,1.639,30.94,13.28,0.205,1.879,0,0,0,0,0,166.1,161.9,9.39,12.7,93.9,0,0.254
0,2011,325,2341,0,0,0,9.27,1010,1.48,34.58,8.05,0.179,1.879,0,0,0,-0.043130,0,166.1,0.847,9.37,12.7,93.5,0,0.254
0,2011,325,2342,0,0,0,9.25,1010,1.546,38.45,4.994,0.115,1.613,0,0,0,0,0,166.1,1.824,9.36,12.7,93.1,0,0.254
0,2011,325,2343,0,0,0,9.23,1010,1.653,27.97,18.55,0.193,2.145,0,0,0,-0.043130,0,166.1,2.801,9.33,12.7,92.9,0,0.254
0,2011,325,2344,0,0,0,9.18,1010,0.745,352,23.73,0.424,1.613,0,0,0,0,0,166.1,3.776,9.32,12.7,92.6,0,0.254
0,2011,325,2345,0,0,0,9.26,1010,0.84,35.29,12.4,0.186,1.08,0,0,0,0,0,166.1,4.749,9.32,12.7,93.2,0,0.254
0,2011,325,2346,0,0,0,9.37,1010,1.08,42.33,15.63,0.146,1.346,0,0,0,0,0,166,5.722,9.3,12.7,93.2,0,0.254
0,2011,325,2347,0,0,0,9.39,1010,1.12,34.22,9.01,0.211,1.613,0,0,0,0,0,166,6.69,9.28,12.7,92.8,0,0.254
0,2011,325,2348,0,0,0,9.46,1010,1.293,35.13,9.73,0.136,1.613,0,0,0,-0.129390,0,166,7.655,9.27,12.7,93,0,0.254
0,2011,325,2349,0,0,0,9.53,1010,1.413,32.3,8.9,0.115,1.613,0,0,0,-0.043130,0,166,8.62,9.26,12.7,92.9,0,0.254
0,2011,325,2350,0,0,0,9.54,1010,1.626,27.44,12.7,0.157,1.879,0,0,0,-0.043130,0,165.9,9.57,9.24,12.7,92.6,0,0.254
0,2011,325,2351,0,0,0,9.53,1010,1.599,15.76,21.88,0.197,1.879,0,0,0,0,0,165.9,10.53,9.24,12.7,92.2,0,0.254
0,2011,325,2352,0,0,0,9.54,1010,1.346,15.2,22.95,0.253,1.879,0,0,0,-0.043130,0,165.9,11.47,9.21,12.7,91.9,0,0.254
0,2011,325,2353,0,0,0,9.6,1010,1.227,16.25,14.96,0.178,1.613,0,0,0,0,0,165.8,12.42,9.21,12.7,91.7,0,0.254
0,2011,325,2354,0,0,0,9.69,1010,1.44,17.94,13.39,0.227,1.879,0,0,0,0,0,165.8,13.36,9.2,12.69,91.7,0,0.254
0,2011,325,2355,0,0,0,9.67,1010,1.599,21,13.99,0.157,1.879,0,0,0,0,0,165.7,14.29,9.19,12.69,91.3,0,0.254
0,2011,325,2356,0,0,0,9.64,1010,1.693,21.91,10.85,0.171,1.879,0,0,0,-0.043130,0,165.7,15.22,9.19,12.69,90.9,0,0.254
0,2011,325,2357,0,0,0,9.63,1010,2.012,23.67,9.55,0.215,2.412,0,0,0,0,0,165.6,16.14,9.17,12.68,90.6,0,0.254
0,2011,325,2358,0,0,0,9.6,1010,1.773,16.42,12.52,0.229,2.145,0,0,0,-0.043130,0,165.6,17.05,9.17,12.69,90.6,0,0.254
0,2011,325,2359,0,0,0,9.68,1010,1.693,21.44,22.29,0.268,2.412,0,0,0,0,0,165.5,17.95,9.16,12.69,90.7,0,0.254
