0,2014,269,0,0.046356,0,0.046356,18.69,1010,1.267,324.3,6.334,0.148,1.613,0.041744,0,0.041744,0.043116,0,147.1,6.667,18.35,12.7,96.2,0,0
0,2014,269,1,0.046356,0,0.046356,18.7,1010,1.2,330.6,17.49,0.197,1.613,0.041744,0,0.041744,0.086231,0,147.1,7.126,18.35,12.68,96.3,0,0
0,2014,269,2,0.046356,0,0.046356,18.7,1010,0.987,329.4,13.73,0.242,1.613,0.041744,0,0.041744,0.258693,0,147.1,7.585,18.34,12.69,96.3,0,0
0,2014,269,3,0.092712,0,0.092712,18.7,1010,1.466,323.8,14.32,0.297,2.145,0.083488,0,0.083488,0.086231,0,147,8.04,18.35,12.69,96.3,0,0
0,2014,269,4,0.092712,0,0.092712,18.7,1010,1.906,318.5,12.49,0.251,2.412,0.083488,0,0.083488,0.172462,0,147,8.5,18.34,12.7,96.3,0,0
0,2014,269,5,0.092712,0,0.092712,18.74,1010,1.599,325.1,14.91,0.297,2.145,0.083488,0,0.083488,0.129347,0,147,8.95,18.3,12.7,96.4,0,0
0,2014,269,6,0.092712,0,0.092712,18.78,1010,1.679,322,11.74,0.251,2.145,0.083488,0,0.083488,0.172462,0,146.9,9.41,18.3,12.7,96.3,0,0
0,2014,269,7,0.092712,0,0.092712,18.8,1010,1.892,327.8,14.64,0.362,2.678,0.083488,0,0.083488,0.086231,0,146.9,9.86,18.31,12.7,96.3,0,0
0,2014,269,8,0.046356,0,0.046356,18.8,1010,1.852,322.4,14.07,0.325,2.412,0.041744,0,0.041744,0.086231,0,146.9,10.31,18.3,12.69,96.3,0,0
0,2014,269,9,0.092712,0,0.092712,18.78,1010,1.653,326.6,13.79,0.329,2.412,0.083488,0,0.083488,0.086231,0,146.8,10.77,18.3,12.68,96.1,0,0
0,2014,269,10,0.139069,0,0.139069,18.77,1010,1.919,324.4,11.5,0.283,2.412,0.125232,0,0.125232,0.086231,0,146.8,11.22,18.31,12.69,96.1,0,0
0,2014,269,11,0.092712,0,0.092712,18.77,1010,1.653,328.2,11.85,0.152,1.879,0.083488,0,0.083488,0.215578,0,146.7,11.67,18.31,12.69,96.1,0,0
0,2014,269,12,0.185425,0,0.185425,18.79,1010,1.586,326,25.39,0.221,1.879,0.166977,0,0.166977,0.086231,0,146.7,12.11,18.31,12.69,96.2,0,0
0,2014,269,13,0.046356,0,0.046356,18.79,1010,1.906,323.8,10.29,0.166,2.145,0.041744,0,0.041744,0.172462,0,146.7,12.56,18.33,12.69,96.1,0,0
0,2014,269,14,0.092712,0,0.092712,18.78,1010,1.626,329.4,15.92,0.132,1.879,0.083488,0,0.083488,0.129347,0,146.6,13.01,18.31,12.69,96,0,0
0,2014,269,15,0,0,0,18.77,1010,1.733,316,7.305,0.197,2.145,0,0,0,0.215578,0,146.6,13.46,18.3,12.69,96,0,0
0,2014,269,16,0.046356,0,0.046356,18.76,1010,1.573,325.2,14.29,0.283,1.879,0.041744,0,0.041744,0.129347,0,146.5,13.9,18.31,12.69,95.9,0,0
0,2014,269,17,0,0,0,18.77,1010,1.386,322,11.69,0.152,1.613,0,0,0,0.043116,0,146.5,14.34,18.3,12.69,96,0,0
0,2014,269,18,0.092712,0,0.092712,18.74,1010,1.506,322.7,8.75,0.32,2.412,0.083488,0,0.083488,0.215578,0,146.4,14.79,18.31,12.69,95.9,0,0
0,2014,269,19,0.046356,0,0.046356,18.73,1010,1.786,327.4,30.07,0.283,2.145,0.041744,0,0.041744,0.129347,0,146.4,15.23,18.31,12.69,95.9,0,0
0,2014,269,20,0.046356,0,0.046356,18.72,1010,1.546,323.6,8.8,0.251,1.879,0.041744,0,0.041744,0.086231,0,146.3,15.67,18.31,12.69,95.9,0,0
0,2014,269,21,0,0,0,18.74,1010,1.573,328.2,15.97,0.283,2.145,0,0,0,0.129347,0,146.3,16.11,18.31,12.69,95.9,0,0
0,2014,269,22,0,0,0,18.77,1010,1.227,325.8,24.32,0.157,1.613,0,0,0,0.129347,0,146.2,16.54,18.3,12.69,96,0,0
0,2014,269,23,0,0,0,18.78,1010,1.453,325.6,17.18,0.177,1.879,0,0,0,0.172462,0,146.1,16.98,18.31,12.69,95.9,0,0
0,2014,269,24,0,0,0,18.74,1010,1.12,322.6,8.55,0.211,1.613,0,0,0,0.086231,0,146.1,17.42,18.3,12.69,95.8,0,0
0,2014,269,25,0.278137,0,0.278137,18.75,1010,1.04,321.4,20.05,0.174,1.346,0.250465,0,0.250465,0.086231,0,146,17.85,18.3,12.69,95.8,0,0
0,2014,269,26,0.139069,0,0.139069,18.77,1010,0.8,308.9,16.81,0.178,1.08,0.125232,0,0.125232,0.215578,0,145.9,18.28,18.31,12.69,95.8,0,0
0,2014,269,27,0.139069,0,0.139069,18.75,1010,1.08,309.9,16.67,0.238,1.346,0.125232,0,0.125232,0.129347,0,145.9,18.71,18.33,12.69,95.7,0,0
0,2014,269,28,0.185425,0,0.185425,18.73,1010,0.987,319.5,9.48,0.242,1.346,0.166977,0,0.166977,0.086231,0,145.8,19.14,18.3,12.69,95.7,0,0
0,2014,269,29,0,0,0,18.73,1010,0.92,326,13.92,0.155,1.08,0,0,0,0.129347,0,145.7,19.57,18.3,12.69,95.7,0,0
0,2014,269,30,0,0,0,18.71,1010,0.854,318.7,11.64,0.152,1.08,0,0,0,0.129347,0,145.7,19.99,18.3,12.69,95.7,0,0
0,2014,269,31,0.139069,0,0.139069,18.7,1010,0.706,332.8,25.37,0.231,1.08,0.125232,0,0.125232,0.172462,0,145.6,20.42,18.28,12.66,95.7,0,0
0,2014,269,32,0,0,0,18.7,1010,0.692,327.9,11.7,0.336,1.08,0,0,0,0.172462,0,145.5,20.84,18.29,12.68,95.7,0,0
0,2014,269,33,0.092712,0,0.092712,18.7,1010,0.814,318.9,7.918,0.188,1.08,0.083488,0,0.083488,0.086231,0,145.5,21.26,18.31,12.68,95.7,0,0
0,2014,269,34,0.139069,0,0.139069,18.7,1010,0.707,315.4,20.35,0.177,1.08,0.125232,0,0.125232,0.086231,0,145.4,21.68,18.3,12.68,95.7,0,0
0,2014,269,35,0.139069,0,0.139069,18.69,1010,0.191,299.5,6.994,0.3,0.814,0.125232,0,0.125232,0,0,145.3,22.1,18.29,12.68,95.7,0,0
0,2014,269,36,0.046356,0,0.046356,18.69,1010,0.355,297.6,10.5,0.3,0.814,0.041744,0,0.041744,0.129347,0,145.2,22.52,18.28,12.69,95.7,0,0
0,2014,269,37,0.185425,0,0.185425,18.63,1010,0.519,309.3,5.079,0.19,0.814,0.166977,0,0.166977,0,0,145.1,22.93,18.3,12.69,95.6,0,0
0,2014,269,38,0.046356,0,0.046356,18.63,1010,0.734,307.2,11.74,0.171,1.08,0.041744,0,0.041744,0.043116,0,145.1,23.35,18.29,12.69,95.6,0,0
0,2014,269,39,0.092712,0,0.092712,18.63,1010,0.654,308.5,10.17,0.13,0.814,0.083488,0,0.083488,0.129347,0,145,23.76,18.26,12.68,95.7,0,0
0,2014,269,40,0.092712,0,0.092712,18.61,1010,0.774,311.8,5.696,0.174,1.08,0.083488,0,0.083488,0.043116,0,144.9,24.17,18.25,12.68,95.6,0,0
0,2014,269,41,0.046356,0,0.046356,18.6,1010,0.733,309.1,6.518,0.227,1.08,0.041744,0,0.041744,0.086231,0,144.8,24.58,18.25,12.68,95.7,0,0
0,2014,269,42,0.046356,0,0.046356,18.58,1010,0.734,310.9,12.82,0.148,1.08,0.041744,0,0.041744,0.043116,0,144.7,24.98,18.25,12.68,95.7,0,0
0,2014,269,43,0,0,0,18.56,1010,0.532,303.7,7.084,0.25,0.814,0,0,0,0.215578,0,144.6,25.39,18.24,12.68,95.7,0,0
0,2014,269,44,0.139069,0,0.139069,18.56,1010,0.505,293.1,12.24,0.275,0.814,0.125232,0,0.125232,0.172462,0,144.6,25.79,18.23,12.68,95.7,0,0
0,2014,269,45,0.092712,0,0.092712,18.55,1010,0.396,289.2,7.968,0.304,0.814,0.083488,0,0.083488,0.086231,0,144.5,26.19,18.25,12.68,95.8,0,0
0,2014,269,46,0.092712,0,0.092712,18.54,1010,0.205,296.2,5.034,0.285,0.814,0.083488,0,0.083488,0.086231,0,144.4,26.59,18.25,12.68,95.7,0,0
0,2014,269,47,0.092712,0,0.092712,18.49,1010,0.6,294.6,12.59,0.183,0.814,0.083488,0,0.083488,0.043116,0,144.3,26.99,18.24,12.68,95.7,0,0
0,2014,269,48,0.046356,0,0.046356,18.48,1010,0.8,300.3,13.44,0.132,1.08,0.041744,0,0.041744,0.215578,0,144.2,27.39,18.23,12.68,95.8,0,0
0,2014,269,49,0.139069,0,0.139069,18.5,1010,0.827,308.6,10.08,0.214,1.346,0.125232,0,0.125232,0.172462,0,144.1,27.78,18.23,12.68,95.9,0,0
0,2014,269,50,0.046356,0,0.046356,18.5,1010,0.827,311.6,9.91,0.23,1.346,0.041744,0,0.041744,0.043116,0,144,28.17,18.2,12.68,95.9,0,0
0,2014,269,51,0,0,0,18.49,1010,0.72,315.6,19.53,0.272,1.08,0,0,0,0.086231,0,143.9,28.56,18.2,12.68,95.8,0,0
0,2014,269,52,0.092712,0,0.092712,18.46,1010,0.934,318.4,10.48,0.132,1.08,0.083488,0,0.083488,0.086231,0,143.8,28.95,18.2,12.68,95.8,0,0
0,2014,269,53,0.092712,0,0.092712,18.45,1010,1.16,318.3,5.897,0.148,1.346,0.083488,0,0.083488,0.086231,0,143.7,29.34,18.2,12.68,95.8,0,0
0,2014,269,54,0,0,0,18.49,1010,0.894,317.1,6.486,0.148,1.08,0,0,0,0.129347,0,143.6,29.72,18.17,12.68,96,0,0
0,2014,269,55,0.046356,0,0.046356,18.52,1010,0.734,310.9,11.26,0.148,1.08,0.041744,0,0.041744,0.172462,0,143.5,30.11,18.17,12.68,96,0,0
0,2014,269,56,0,0,0,18.52,1010,0.8,311.4,8.16,0.157,1.08,0,0,0,0.086231,0,143.4,30.49,18.16,12.68,95.9,0,0
0,2014,269,57,0.092712,0,0.092712,18.49,1010,0.827,304.5,13.02,0.157,1.08,0.083488,0,0.083488,0.129347,0,143.3,30.87,18.15,12.68,95.8,0,0
0,2014,269,58,0,0,0,18.48,1010,0.721,303,12.35,0.152,1.08,0,0,0,0.086231,0,143.2,31.25,18.15,12.68,95.8,0,0
0,2014,269,59,0,0,0,18.43,1010,0.747,301.3,11.89,0.166,1.08,0,0,0,0.215578,0,143.1,31.62,18.15,12.68,95.8,0,0
0,2014,269,100,0.046356,0,0.046356,18.42,1010,0.8,312.7,19.46,0.157,1.08,0.041744,0,0.041744,0.129347,0,143,32,18.15,12.68,95.8,0,0
0,2014,269,101,0.092712,0,0.092712,18.43,1010,0.681,312.9,10.43,0.133,0.814,0.083488,0,0.083488,0.215578,0,142.8,32.37,18.14,12.66,95.9,0,0
0,2014,269,102,0,0,0,18.42,1010,0.787,308.2,7.444,0.116,1.08,0,0,0,0.129347,0,142.7,32.74,18.12,12.67,95.8,0,0
0,2014,269,103,0.046356,0,0.046356,18.38,1010,0.667,303.2,12.22,0.232,1.08,0.041744,0,0.041744,0.086231,0,142.6,33.11,18.11,12.68,95.8,0,0
0,2014,269,104,0.046356,0,0.046356,18.38,1010,0.721,292.9,10.71,0.152,1.08,0.041744,0,0.041744,0.086231,0,142.5,33.47,18.1,12.68,95.9,0,0
0,2014,269,105,0,0,0,18.35,1010,0.424,287.5,10.28,0.251,0.814,0,0,0,0.172462,0,142.4,33.84,18.1,12.67,95.8,0,0
0,2014,269,106,0.046356,0,0.046356,18.37,1010,0.706,283.3,11.93,0.288,1.08,0.041744,0,0.041744,0.043116,0,142.3,34.2,18.1,12.68,96,0,0
0,2014,269,107,0.046356,0,0.046356,18.34,1010,0,0,0,0,0,0.041744,0,0.041744,0.129347,0,142.2,34.56,18.07,12.68,95.9,0,0
0,2014,269,108,0.092712,0,0.092712,18.33,1010,0,0,0,0,0,0.083488,0,0.083488,0.215578,0,142,34.92,18.07,12.68,95.9,0,0
0,2014,269,109,0.185425,0,0.185425,18.35,1010,0,0,0,0,0,0.166977,0,0.166977,0.043116,0,141.9,35.28,18.06,12.68,96,0,0
0,2014,269,110,0.092712,0,0.092712,18.35,1010,0,0,0,0,0,0.083488,0,0.083488,0.043116,0,141.8,35.63,18.05,12.68,96.1,0,0
0,2014,269,111,0.046356,0,0.046356,18.34,1010,0,0,0,0,0,0.041744,0,0.041744,0.172462,0,141.7,35.98,18.05,12.68,96.1,0,0
0,2014,269,112,0.046356,0,0.046356,18.35,1010,0,0,0,0,0,0.041744,0,0.041744,0.172462,0,141.6,36.33,18.02,12.67,96.1,0,0
0,2014,269,113,0.046356,0,0.046356,18.35,1010,0,0,0,0,0,0.041744,0,0.041744,0.043116,0,141.4,36.68,18.02,12.67,96.1,0,0
0,2014,269,114,0.046356,0,0.046356,18.33,1010,0,0,0,0,0,0.041744,0,0.041744,0.086231,0,141.3,37.03,17.99,12.67,96.1,0,0
0,2014,269,115,0.092712,0,0.092712,18.32,1010,0,0,0,0,0,0.083488,0,0.083488,0.043116,0,141.2,37.38,17.99,12.67,96.1,0,0
0,2014,269,116,0.046356,0,0.046356,18.29,1010,0,0,0,0,0,0.041744,0,0.041744,0.129347,0,141.1,37.72,17.99,12.67,96.1,0,0
0,2014,269,117,0.046356,0,0.046356,18.28,1010,0,0,0,0,0,0.041744,0,0.041744,0.043116,0,140.9,38.06,17.98,12.67,96.1,0,0
0,2014,269,118,0,0,0,18.32,1010,0,0,0,0,0,0,0,0,0.172462,0,140.8,38.4,17.96,12.67,96.3,0,0
0,2014,269,119,0,0,0,18.3,1010,0.53,313.2,9.07,0.347,1.08,0,0,0,0,0,140.7,38.74,17.95,12.67,96.2,0,0
0,2014,269,120,0.092712,0,0.092712,18.25,1010,0.027,324.6,0,0.119,0.547,0.083488,0,0.083488,0.258693,0,140.5,39.08,17.95,12.67,96.1,0,0
0,2014,269,121,0,0,0,18.25,1010,0,0,0,0,0,0,0,0,0,0,140.4,39.41,17.93,12.67,96.2,0,0
0,2014,269,122,0,0,0,18.27,1010,0,0,0,0,0,0,0,0,0.086231,0,140.3,39.75,17.92,12.67,96.3,0,0
0,2014,269,123,0,0,0,18.29,1010,0,0,0,0,0,0,0,0,0.086231,0,140.1,40.08,17.91,12.67,96.3,0,0
0,2014,269,124,0.092712,0,0.092712,18.24,1010,0,0,0,0,0,0.083488,0,0.083488,0.172462,0,140,40.41,17.89,12.67,96.2,0,0
0,2014,269,125,0.046356,0,0.046356,18.21,1010,0,0,0,0,0,0.041744,0,0.041744,0.086231,0,139.9,40.73,17.89,12.67,96.2,0,0
0,2014,269,126,0,0,0,18.21,1010,0,0,0,0,0,0,0,0,-0.862311,0,139.7,41.06,17.89,12.67,96.2,0,0
0,2014,269,127,0,0,0,18.21,1010,0,0,0,0,0,0,0,0,-0.819195,0,139.6,41.38,17.87,12.67,96.3,0,0
0,2014,269,128,0,0,0,18.22,1010,0,0,0,0,0,0,0,0,-0.819195,0,139.5,41.7,17.87,12.67,96.4,0,0
0,2014,269,129,0,0,0,18.2,1010,0,0,0,0,0,0,0,0,-0.819195,0,139.3,42.02,17.86,12.67,96.3,0,0
0,2014,269,130,0,0,0,18.18,1010,0,0,0,0,0,0,0,0,-0.862311,0,139.2,42.34,17.84,12.67,96.3,0,0
0,2014,269,131,0,0,0,18.2,1010,0,0,0,0,0,0,0,0,-0.732964,0,139.1,42.66,17.84,12.61,96.4,0,0
0,2014,269,132,0,0,0,18.2,1010,0,0,0,0,0,0,0,0,-0.862311,0,138.9,42.98,17.83,12.66,96.5,0,0
0,2014,269,133,0,0,0,18.21,1010,0,0,0,0,0,0,0,0,-0.819195,0,138.8,43.29,17.82,12.67,96.4,0,0
0,2014,269,134,0,0,0,18.21,1010,0,0,0,0,0,0,0,0,-0.862311,0,138.6,43.6,17.8,12.67,96.4,0,0
0,2014,269,135,0,0,0,18.19,1010,0,0,0,0,0,0,0,0,-0.776080,0,138.5,43.91,17.8,12.66,96.5,0,0
0,2014,269,136,0,0,0,18.19,1010,0,0,0,0,0,0,0,0,-0.862311,0,138.3,44.22,17.79,12.67,96.5,0,0
0,2014,269,137,0,0,0,18.17,1010,0.26,300.2,13.39,0.293,0.814,0,0,0,-0.776080,0,138.2,44.52,17.79,12.67,96.5,0,0
0,2014,269,138,0,0,0,18.16,1010,0.626,301,15.25,0.271,1.08,0,0,0,-0.689849,0,138,44.83,17.79,12.67,96.5,0,0
0,2014,269,139,0,0,0,18.25,1010,0.694,306.1,9.61,0.157,1.08,0,0,0,-0.819195,0,137.9,45.13,17.79,12.67,96.7,0,0
0,2014,269,140,0,0,0,18.25,1010,0.68,307.2,13.54,0.217,1.08,0,0,0,-0.732964,0,137.8,45.43,17.79,12.67,96.7,0,0
0,2014,269,141,0,0,0,18.27,1010,0.613,302.3,10.75,0.188,0.814,0,0,0,-0.776080,0,137.6,45.73,17.79,12.67,96.7,0,0
0,2014,269,142,0,0,0,18.27,1010,0.314,302,7.781,0.29,0.814,0,0,0,-0.819195,0,137.5,46.03,17.78,12.67,96.7,0,0
0,2014,269,143,0,0,0,18.25,1010,0.397,291.3,10.19,0.266,0.814,0,0,0,-0.862311,0,137.3,46.33,17.77,12.66,96.7,0,0
0,2014,269,144,0,0,0,18.24,1010,0.654,298.8,5.801,0.13,0.814,0,0,0,-0.862311,0,137.2,46.62,17.77,12.66,96.6,0,0
0,2014,269,145,0,0,0,18.22,1010,0.84,295.8,6.546,0.116,1.08,0,0,0,-0.776080,0,137,46.91,17.77,12.66,96.7,0,0
0,2014,269,146,0,0,0,18.18,1010,0.721,288.6,10.68,0.127,0.814,0,0,0,-0.819195,0,136.9,47.2,17.75,12.66,96.6,0,0
0,2014,269,147,0,0,0,18.17,1010,0.573,276.5,5.762,0.225,0.814,0,0,0,-0.862311,0,136.7,47.49,17.74,12.66,96.7,0,0
0,2014,269,148,0,0,0,18.11,1010,0.368,270.6,4.843,0.347,0.814,0,0,0,-0.689849,0,136.6,47.78,17.74,12.66,96.6,0,0
0,2014,269,149,0,0,0,18.05,1010,0.827,266.1,6.013,0.132,1.08,0,0,0,-0.819195,0,136.4,48.07,17.74,12.66,96.6,0,0
0,2014,269,150,0,0,0,17.99,1010,0.96,268,8.09,0.132,1.08,0,0,0,-0.819195,0,136.2,48.35,17.72,12.66,96.5,0,0
0,2014,269,151,0,0,0,17.92,1010,0.654,262.3,7.157,0.13,0.814,0,0,0,-0.862311,0,136.1,48.63,17.7,12.66,96.5,0,0
0,2014,269,152,0.092712,0,0.092712,17.86,1010,0.721,261.1,7.933,0.127,0.814,0.083488,0,0.083488,0.043116,0,135.9,48.92,17.69,12.66,96.5,0,0
0,2014,269,153,0.046356,0,0.046356,17.81,1010,0.747,262.6,4.582,0.115,0.814,0.041744,0,0.041744,0.258693,0,135.8,49.2,17.69,12.66,96.5,0,0
0,2014,269,154,0.046356,0,0.046356,17.76,1010,0.721,265.5,6.464,0.127,0.814,0.041744,0,0.041744,0,0,135.6,49.47,17.66,12.66,96.6,0,0
0,2014,269,155,0,0,0,17.72,1010,0.721,272.7,7.314,0.127,0.814,0,0,0,0.258693,0,135.5,49.75,17.65,12.66,96.6,0,0
0,2014,269,156,0.046356,0,0.046356,17.72,1010,0.84,275.7,5.601,0.166,1.08,0.041744,0,0.041744,0.086231,0,135.3,50.03,17.64,12.66,96.8,0,0
0,2014,269,157,0,0,0,17.79,1010,1.067,278,3.353,0.058,1.08,0,0,0,0.086231,0,135.1,50.3,17.63,12.66,96.9,0,0
0,2014,269,158,0.139069,0,0.139069,17.89,1010,1.067,271.2,3.15,0.102,1.346,0.125232,0,0.125232,0.129347,0,135,50.57,17.59,12.66,97.1,0,0
0,2014,269,159,0,0,0,17.94,1010,1.107,278.4,2.21,0.116,1.346,0,0,0,0.129347,0,134.8,50.84,17.59,12.66,97.1,0,0
0,2014,269,200,0,0,0,17.94,1010,1.147,277,2.304,0.115,1.346,0,0,0,0.215578,0,134.7,51.11,17.58,12.66,97,0,0
0,2014,269,201,0.046356,0,0.046356,17.94,1010,1.16,273.6,5.087,0.122,1.346,0.041744,0,0.041744,0.043116,0,134.5,51.38,17.55,12.63,97,0,0
0,2014,269,202,0.046356,0,0.046356,17.92,1010,1.053,271,2.709,0.143,1.346,0.041744,0,0.041744,0.043116,0,134.3,51.65,17.54,12.65,97,0,0
0,2014,269,203,0.139069,0,0.139069,17.87,1010,0.64,266.6,6.919,0.196,0.814,0.125232,0,0.125232,0.129347,0,134.2,51.91,17.53,12.66,96.9,0,0
0,2014,269,204,0,0,0,17.81,1010,1.04,264.7,7.782,0.152,1.346,0,0,0,0.172462,0,134,52.18,17.51,12.66,96.9,0,0
0,2014,269,205,0,0,0,17.75,1010,0.92,267,8.99,0.177,1.346,0,0,0,0.215578,0,133.8,52.44,17.5,12.66,96.9,0,0
0,2014,269,206,0.092712,0,0.092712,17.75,1010,0.827,262.8,12.07,0.132,1.08,0.083488,0,0.083488,0.129347,0,133.7,52.7,17.49,12.66,97,0,0
0,2014,269,207,0.046356,0,0.046356,17.77,1010,0.827,264.6,6.797,0.132,1.08,0.041744,0,0.041744,0.172462,0,133.5,52.96,17.46,12.66,97.1,0,0
0,2014,269,208,0,0,0,17.74,1010,0.827,264.6,4.485,0.132,1.08,0,0,0,0.043116,0,133.4,53.22,17.45,12.66,97,0,0
0,2014,269,209,0,0,0,17.72,1010,0.721,256.5,5.347,0.127,0.814,0,0,0,0.215578,0,133.2,53.47,17.44,12.66,97,0,0
0,2014,269,210,0.185425,0,0.185425,17.66,1010,0.627,260.6,5.176,0.193,0.814,0.166977,0,0.166977,0.043116,0,133,53.73,17.42,12.66,97,0,0
0,2014,269,211,0.046356,0,0.046356,17.65,1010,0.667,277.7,6.589,0.132,0.814,0.041744,0,0.041744,0.129347,0,132.9,53.98,17.41,12.65,97.1,0,0
0,2014,269,212,0,0,0,17.75,1010,0.734,277.5,7.745,0.148,1.08,0,0,0,0.172462,0,132.7,54.23,17.39,12.65,97.3,0,0
0,2014,269,213,0.046356,0,0.046356,17.84,1010,0.366,277.8,3.478,0.422,1.08,0.041744,0,0.041744,0.129347,0,132.5,54.49,17.39,12.65,97.4,0,0
0,2014,269,214,0.092712,0,0.092712,17.82,1010,1.053,269.5,5.867,0.166,1.346,0.083488,0,0.083488,0,0,132.3,54.73,17.36,12.65,97.2,0,0
0,2014,269,215,0.092712,0,0.092712,17.77,1010,1.067,277.7,8.08,0.157,1.346,0.083488,0,0.083488,0.086231,0,132.2,54.98,17.35,12.65,97.1,0,0
0,2014,269,216,0.046356,0,0.046356,17.78,1010,0.721,281.4,9.28,0.152,1.08,0.041744,0,0.041744,0.301809,0,132,55.23,17.34,12.65,97.2,0,0
0,2014,269,217,0.046356,0,0.046356,17.79,1010,0.84,279.4,6.414,0.116,1.08,0.041744,0,0.041744,0.086231,0,131.8,55.48,17.34,12.65,97.2,0,0
0,2014,269,218,0.046356,0,0.046356,17.8,1010,0.947,270.7,8.12,0.133,1.08,0.041744,0,0.041744,0.129347,0,131.7,55.72,17.31,12.65,97.3,0,0
0,2014,269,219,0,0,0,17.77,1010,0.707,265.8,9.53,0.13,0.814,0,0,0,0.172462,0,131.5,55.96,17.3,12.65,97.2,0,0
0,2014,269,220,0,0,0,17.71,1010,0.84,260.7,8.23,0.143,1.08,0,0,0,0.172462,0,131.3,56.21,17.29,12.65,97.2,0,0
0,2014,269,221,0.046356,0,0.046356,17.64,1010,1.213,259.9,12.29,0.198,1.613,0.041744,0,0.041744,0.172462,0,131.2,56.45,17.29,12.65,97.1,0,0
0,2014,269,222,0.046356,0,0.046356,17.59,1010,1.293,271,8.85,0.16,1.613,0.041744,0,0.041744,0.043116,0,131,56.69,17.26,12.65,97.1,0,0
0,2014,269,223,0.046356,0,0.046356,17.61,1010,1.213,270.8,10.39,0.179,1.613,0.041744,0,0.041744,0.215578,0,130.8,56.93,17.26,12.65,97.3,0,0
0,2014,269,224,0,0,0,17.63,1010,0.907,274.2,10.21,0.174,1.08,0,0,0,0.172462,0,130.6,57.16,17.25,12.65,97.3,0,0
0,2014,269,225,0.046356,0,0.046356,17.71,1010,0.761,281.3,6.379,0.136,1.08,0.041744,0,0.041744,0.043116,0,130.5,57.4,17.24,12.64,97.5,0,0
0,2014,269,226,0.046356,0,0.046356,17.75,1010,0.894,282.2,7.744,0.122,1.08,0.041744,0,0.041744,0.215578,0,130.3,57.63,17.22,12.65,97.5,0,0
0,2014,269,227,0.092712,0,0.092712,17.73,1010,1.093,268.8,6.423,0.214,1.346,0.083488,0,0.083488,0.172462,0,130.1,57.87,17.21,12.65,97.4,0,0
0,2014,269,228,0,0,0,17.67,1010,1.16,263.2,10.98,0.171,1.346,0,0,0,0,0,129.9,58.1,17.2,12.65,97.3,0,0
0,2014,269,229,0.046356,0,0.046356,17.62,1010,1.413,260.6,10.41,0.166,1.613,0.041744,0,0.041744,0.043116,0,129.8,58.33,17.19,12.65,97.3,0,0
0,2014,269,230,0.092712,0,0.092712,17.58,1010,1.4,274.2,7.976,0.181,1.613,0.083488,0,0.083488,0.172462,0,129.6,58.56,17.19,12.65,97.3,0,0
0,2014,269,231,0.092712,0,0.092712,17.63,1010,1.253,275,6.705,0.152,1.613,0.083488,0,0.083488,0.172462,0,129.4,58.79,17.19,12.62,97.5,0,0
0,2014,269,232,0,0,0,17.63,1010,1.133,272.9,10.63,0.199,1.613,0,0,0,0.301809,0,129.2,59.02,17.17,12.64,97.5,0,0
0,2014,269,233,0.139069,0,0.139069,17.66,1010,1.067,286.7,11.6,0.157,1.346,0.125232,0,0.125232,0.129347,0,129,59.24,17.16,12.65,97.6,0,0
0,2014,269,234,0.046356,0,0.046356,17.72,1010,1.014,281.2,10.56,0.166,1.346,0.041744,0,0.041744,0.129347,0,128.9,59.47,17.16,12.65,97.7,0,0
0,2014,269,235,0.092712,0,0.092712,17.74,1010,1.28,272.2,7.334,0.204,1.613,0.083488,0,0.083488,0.086231,0,128.7,59.69,17.15,12.65,97.6,0,0
0,2014,269,236,0.046356,0,0.046356,17.73,1010,1.187,275.3,9.74,0.196,1.613,0.041744,0,0.041744,0.172462,0,128.5,59.92,17.14,12.65,97.6,0,0
0,2014,269,237,0.046356,0,0.046356,17.72,1010,1.12,272.8,6.726,0.152,1.346,0.041744,0,0.041744,0.172462,0,128.3,60.14,17.14,12.65,97.6,0,0
0,2014,269,238,0.092712,0,0.092712,17.7,1010,1.147,269,9.57,0.166,1.613,0.083488,0,0.083488,0.129347,0,128.2,60.36,17.14,12.65,97.5,0,0
0,2014,269,239,0.092712,0,0.092712,17.66,1010,1.187,265.9,11.59,0.244,1.613,0.083488,0,0.083488,0.344924,0,128,60.58,17.14,12.64,97.5,0,0
0,2014,269,240,0.092712,0,0.092712,17.61,1010,1.306,267.9,9.35,0.227,1.879,0.083488,0,0.083488,0.301809,0,127.8,60.8,17.12,12.64,97.5,0,0
0,2014,269,241,0.185425,0,0.185425,17.58,1010,1.173,270.1,11.45,0.329,1.613,0.166977,0,0.166977,0.129347,0,127.6,61.02,17.12,12.64,97.5,0,0
0,2014,269,242,0.046356,0,0.046356,17.56,1010,1.16,267.7,9.65,0.254,1.613,0.041744,0,0.041744,0.172462,0,127.4,61.23,17.11,12.64,97.5,0,0
0,2014,269,243,0.092712,0,0.092712,17.55,1010,1.32,276.1,10.63,0.186,1.613,0.083488,0,0.083488,0.172462,0,127.2,61.45,17.1,12.64,97.6,0,0
0,2014,269,244,0.046356,0,0.046356,17.56,1010,0.894,274.5,8.97,0.171,1.346,0.041744,0,0.041744,0.129347,0,127.1,61.66,17.09,12.64,97.6,0,0
0,2014,269,245,0.046356,0,0.046356,17.59,1010,0.974,280.4,9.75,0.13,1.08,0.041744,0,0.041744,0.301809,0,126.9,61.88,17.09,12.64,97.7,0,0
0,2014,269,246,0.092712,0,0.092712,17.64,1010,0.987,274.1,12.81,0.152,1.346,0.083488,0,0.083488,0.043116,0,126.7,62.09,17.09,12.64,97.8,0,0
0,2014,269,247,0.046356,0,0.046356,17.69,1010,1.093,276.7,9.35,0.157,1.346,0.041744,0,0.041744,0.086231,0,126.5,62.3,17.09,12.64,97.8,0,0
0,2014,269,248,0.046356,0,0.046356,17.7,1010,1.053,274.4,8.6,0.143,1.346,0.041744,0,0.041744,0.215578,0,126.3,62.51,17.07,12.64,97.8,0,0
0,2014,269,249,0,0,0,17.69,1010,0.827,266.4,8.82,0.132,1.08,0,0,0,0.129347,0,126.1,62.72,17.06,12.64,97.7,0,0
0,2014,269,250,0.046356,0,0.046356,17.63,1010,0.987,265.4,10.21,0.152,1.346,0.041744,0,0.041744,0.258693,0,126,62.93,17.06,12.64,97.6,0,0
0,2014,269,251,0.046356,0,0.046356,17.55,1010,1,264.9,9.49,0.171,1.346,0.041744,0,0.041744,0.043116,0,125.8,63.14,17.05,12.64,97.6,0,0
0,2014,269,252,0,0,0,17.52,1010,0.934,264.7,11.82,0.23,1.346,0,0,0,0.258693,0,125.6,63.35,17.04,12.64,97.6,0,0
0,2014,269,253,0.046356,0,0.046356,17.51,1010,0.411,270.9,6.77,0.237,0.547,0.041744,0,0.041744,0.129347,0,125.4,63.55,17.04,12.64,97.6,0,0
0,2014,269,254,0,0,0,17.5,1010,0.774,266.8,8.97,0.174,1.08,0,0,0,0.388040,0,125.2,63.76,17.02,12.66,97.7,0,0
0,2014,269,255,0.139069,0,0.139069,17.49,1010,0.544,263,12.16,0.332,0.814,0.125232,0,0.125232,0.086231,0,125,63.96,17.01,12.64,97.7,0,0
0,2014,269,256,0,0,0,17.48,1010,0.827,270.2,7.832,0.132,1.08,0,0,0,0.301809,0,124.8,64.17,17.01,12.63,97.7,0,0
0,2014,269,257,0,0,0,17.48,1010,0.76,275,7.619,0.107,0.814,0,0,0,0.172462,0,124.7,64.37,17,12.64,97.8,0,0
0,2014,269,258,0.139069,0,0.139069,17.51,1010,0.774,278.9,4.109,0.095,0.814,0.125232,0,0.125232,0.043116,0,124.5,64.57,16.98,12.64,97.8,0,0
0,2014,269,259,0.092712,0,0.092712,17.54,1010,0.747,279.9,9.66,0.166,1.08,0.083488,0,0.083488,0.258693,0,124.3,64.77,16.98,12.64,97.8,0,0
0,2014,269,300,0.046356,0,0.046356,17.61,1010,0.694,286.3,6.783,0.132,0.814,0.041744,0,0.041744,0.172462,0,124.1,64.97,16.98,12.64,98,0,0
0,2014,269,301,0.092712,0,0.092712,17.63,1010,0.369,292.3,6.831,0.277,0.814,0.083488,0,0.083488,0.129347,0,123.9,65.17,16.97,12.61,97.9,0,0
0,2014,269,302,0.092712,0,0.092712,17.62,1010,0.027,288.2,0.003,0.119,0.547,0.083488,0,0.083488,0.129347,0,123.7,65.37,16.96,12.63,97.8,0,0
0,2014,269,303,0.046356,0,0.046356,17.59,1010,0,0,0,0,0,0.041744,0,0.041744,0.129347,0,123.5,65.56,16.96,12.63,97.8,0,0
0,2014,269,304,0.046356,0,0.046356,17.58,1010,0,0,0,0,0,0.041744,0,0.041744,0.086231,0,123.3,65.76,16.95,12.64,97.8,0,0
0,2014,269,305,0.046356,0,0.046356,17.57,1010,0,0,0,0,0,0.041744,0,0.041744,0.215578,0,123.2,65.96,16.94,12.63,97.8,0,0
0,2014,269,306,0,0,0,17.57,1010,0,0,0,0,0,0,0,0,0.129347,0,123,66.15,16.94,12.63,97.8,0,0
0,2014,269,307,0.092712,0,0.092712,17.56,1010,0,0,0,0,0,0.083488,0,0.083488,0.043116,0,122.8,66.35,16.94,12.63,97.8,0,0
0,2014,269,308,0.046356,0,0.046356,17.6,1010,0,0,0,0,0,0.041744,0,0.041744,0.215578,0,122.6,66.54,16.94,12.63,97.9,0,0
0,2014,269,309,0,0,0,17.61,1010,0.055,308,0.779,0.164,0.547,0,0,0,0.258693,0,122.4,66.73,16.94,12.63,97.9,0,0
0,2014,269,310,0.092712,0,0.092712,17.55,1010,0.478,300.8,5.367,0.256,0.814,0.083488,0,0.083488,0.258693,0,122.2,66.92,16.94,12.63,97.8,0,0
0,2014,269,311,0.139069,0,0.139069,17.61,1010,0.734,310.8,5.336,0.122,0.814,0.125232,0,0.125232,0.129347,0,122,67.11,16.94,12.63,98,0,0
0,2014,269,312,0.092712,0,0.092712,17.62,1010,0.694,312.5,2.745,0.132,0.814,0.083488,0,0.083488,0.129347,0,121.8,67.3,16.92,12.63,97.9,0,0
0,2014,269,313,0.046356,0,0.046356,17.6,1010,0.587,305.6,4.131,0.177,0.814,0.041744,0,0.041744,0.129347,0,121.6,67.49,16.91,12.63,97.9,0,0
0,2014,269,314,0.092712,0,0.092712,17.62,1010,0.533,296,8.43,0.201,0.814,0.083488,0,0.083488,0.129347,0,121.4,67.68,16.91,12.63,97.9,0,0
0,2014,269,315,0,0,0,17.61,1010,0.109,285.3,4.547,0.219,0.547,0,0,0,0.129347,0,121.3,67.87,16.91,12.63,97.9,0,0
0,2014,269,316,0.139069,0,0.139069,17.58,1010,0,0,0,0,0,0.125232,0,0.125232,0.129347,0,121.1,68.06,16.92,12.62,97.9,0,0
0,2014,269,317,0,0,0,17.56,1010,0,0,0,0,0,0,0,0,0.258693,0,120.9,68.24,16.91,12.63,97.9,0,0
0,2014,269,318,0.092712,0,0.092712,17.54,1010,0,0,0,0,0,0.083488,0,0.083488,0.215578,0,120.7,68.43,16.91,12.62,97.8,0,0
0,2014,269,319,0,0,0,17.52,1010,0,0,0,0,0,0,0,0,0.172462,0,120.5,68.61,16.91,12.63,97.9,0,0
0,2014,269,320,0.046356,0,0.046356,17.51,1010,0,0,0,0,0,0.041744,0,0.041744,0.172462,0,120.3,68.8,16.91,12.63,97.9,0,0
0,2014,269,321,0.185425,0,0.185425,17.46,1010,0,0,0,0,0,0.166977,0,0.166977,0.215578,0,120.1,68.98,16.91,12.63,97.8,0,0
0,2014,269,322,0.092712,0,0.092712,17.52,1010,0,0,0,0,0,0.083488,0,0.083488,0.129347,0,119.9,69.16,16.9,12.63,98,0,0
0,2014,269,323,0.139069,0,0.139069,17.51,1010,0,0,0,0,0,0.125232,0,0.125232,0.086231,0,119.7,69.34,16.89,12.63,97.9,0,0
0,2014,269,324,0.139069,0,0.139069,17.47,1010,0,0,0,0,0,0.125232,0,0.125232,0.129347,0,119.5,69.53,16.9,12.63,97.9,0,0
0,2014,269,325,0.046356,0,0.046356,17.45,1010,0.273,292.2,4.069,0.311,0.814,0.041744,0,0.041744,0.129347,0,119.3,69.71,16.89,12.63,97.9,0,0
0,2014,269,326,0.092712,0,0.092712,17.38,1010,0.341,285.1,3.108,0.321,0.814,0.083488,0,0.083488,0.086231,0,119.1,69.89,16.89,12.63,97.8,0,0
0,2014,269,327,0.046356,0,0.046356,17.37,1010,0,0,0,0,0,0.041744,0,0.041744,0.215578,0,118.9,70.07,16.89,12.62,97.8,0,0
0,2014,269,328,0.092712,0,0.092712,17.32,1010,0,0,0,0,0,0.083488,0,0.083488,0.043116,0,118.7,70.24,16.89,12.63,97.8,0,0
0,2014,269,329,0.046356,0,0.046356,17.31,1010,0,0,0,0,0,0.041744,0,0.041744,0.129347,0,118.5,70.42,16.89,12.63,97.9,0,0
0,2014,269,330,0.046356,0,0.046356,17.33,1010,0,0,0,0,0,0.041744,0,0.041744,0.129347,0,118.3,70.6,16.89,12.63,97.9,0,0
0,2014,269,331,0,0,0,17.37,1010,0,0,0,0,0,0,0,0,0.129347,0,118.1,70.78,16.87,12.58,98,0,0
0,2014,269,332,0.046356,0,0.046356,17.36,1010,0,0,0,0,0,0.041744,0,0.041744,0.215578,0,118,70.95,16.86,12.62,98,0,0
0,2014,269,333,0,0,0,17.44,1010,0,0,0,0,0,0,0,0,0.172462,0,117.8,71.13,16.86,12.62,98.1,0,0
0,2014,269,334,0,0,0,17.47,1010,0,0,0,0,0,0,0,0,0.258693,0,117.6,71.3,16.86,12.62,98.2,0,0
0,2014,269,335,0.046356,0,0.046356,17.5,1010,0,0,0,0,0,0.041744,0,0.041744,0.301809,0,117.4,71.48,16.86,12.62,98.1,0,0
0,2014,269,336,0.092712,0,0.092712,17.49,1010,0,0,0,0,0,0.083488,0,0.083488,0.215578,0,117.2,71.65,16.86,12.62,98.1,0,0
0,2014,269,337,0.046356,0,0.046356,17.55,1010,0,0,0,0,0,0.041744,0,0.041744,0.258693,0,117,71.83,16.86,12.62,98.2,0,0
0,2014,269,338,0.092712,0,0.092712,17.55,1010,0,0,0,0,0,0.083488,0,0.083488,0.215578,0,116.8,72,16.86,12.62,98.2,0,0
0,2014,269,339,0.139069,0,0.139069,17.55,1010,0,0,0,0,0,0.125232,0,0.125232,0.172462,0,116.6,72.17,16.86,12.62,98.2,0,0
0,2014,269,340,0.139069,0,0.139069,17.5,1010,0,0,0,0,0,0.125232,0,0.125232,0,0,116.4,72.34,16.89,12.62,98.1,0,0
0,2014,269,341,0.092712,0,0.092712,17.48,1010,0,0,0,0,0,0.083488,0,0.083488,0.258693,0,116.2,72.51,16.89,12.62,98.1,0,0
0,2014,269,342,0,0,0,17.47,1010,0,0,0,0,0,0,0,0,0.215578,0,116,72.68,16.89,12.61,98.1,0,0
0,2014,269,343,0,0,0,17.5,1010,0,0,0,0,0,0,0,0,0.172462,0,115.8,72.85,16.89,12.62,98.2,0,0
0,2014,269,344,0,0,0,17.5,1010,0,0,0,0,0,0,0,0,0.086231,0,115.6,73.02,16.89,12.62,98.2,0,0
0,2014,269,345,0,0,0,17.48,1010,0,0,0,0,0,0,0,0,0.172462,0,115.4,73.19,16.89,12.62,98.1,0,0
0,2014,269,346,0.092712,0,0.092712,17.4,1010,0,0,0,0,0,0.083488,0,0.083488,0.172462,0,115.2,73.36,16.89,12.62,98.1,0,0
0,2014,269,347,0.046356,0,0.046356,17.36,1010,0,0,0,0,0,0.041744,0,0.041744,0.129347,0,115,73.53,16.89,12.62,98.1,0,0
0,2014,269,348,0,0,0,17.34,1010,0,0,0,0,0,0,0,0,-0.258693,0,114.8,73.69,16.89,12.62,98.1,0,0
0,2014,269,349,0,0,0,17.32,1010,0,0,0,0,0,0,0,0,-0.862311,0,114.6,73.86,16.89,12.62,98.2,0,0
0,2014,269,350,0,0,0,17.28,1010,0,0,0,0,0,0,0,0,-0.819195,0,114.4,74.03,16.86,12.62,98.1,0,0
0,2014,269,351,0,0,0,17.3,1010,0,0,0,0,0,0,0,0,-0.819195,0,114.2,74.19,16.86,12.62,98.2,0,0
0,2014,269,352,0,0,0,17.37,1010,0,0,0,0,0,0,0,0,-0.819195,0,114,74.36,16.85,12.62,98.3,0,0
0,2014,269,353,0,0,0,17.4,1010,0,0,0,0,0,0,0,0,-0.776080,0,113.8,74.52,16.84,12.62,98.3,0,0
0,2014,269,354,0,0,0,17.36,1010,0,0,0,0,0,0,0,0,-0.689849,0,113.6,74.69,16.84,12.62,98.3,0,0
0,2014,269,355,0,0,0,17.33,1010,0,0,0,0,0,0,0,0,-0.776080,0,113.4,74.85,16.82,12.62,98.2,0,0
0,2014,269,356,0,0,0,17.26,1010,0,0,0,0,0,0,0,0,-0.862311,0,113.2,75.01,16.81,12.62,98.2,0,0
0,2014,269,357,0,0,0,17.21,1010,0,0,0,0,0,0,0,0,-0.819195,0,113,75.17,16.8,12.62,98.1,0,0
0,2014,269,358,0,0,0,17.14,1010,0,0,0,0,0,0,0,0,-0.776080,0,112.8,75.34,16.79,12.62,98.1,0,0
0,2014,269,359,0,0,0,17.07,1010,0,0,0,0,0,0,0,0,-0.819195,0,112.6,75.5,16.79,12.61,98.1,0,0
0,2014,269,400,0,0,0,17,1010,0,0,0,0,0,0,0,0,-0.819195,0,112.4,75.66,16.77,12.61,98,0,0
0,2014,269,401,0,0,0,16.94,1010,0,0,0,0,0,0,0,0,-0.776080,0,112.2,75.82,16.76,12.57,98,0,0
0,2014,269,402,0,0,0,16.93,1010,0,0,0,0,0,0,0,0,-0.819195,0,112,75.98,16.74,12.6,98.1,0,0
0,2014,269,403,0,0,0,17.07,1010,0,0,0,0,0,0,0,0,-0.862311,0,111.8,76.14,16.74,12.61,98.4,0,0
0,2014,269,404,0,0,0,17.13,1010,0,0,0,0,0,0,0,0,-0.862311,0,111.6,76.3,16.71,12.6,98.4,0,0
0,2014,269,405,0,0,0,17.13,1010,0,0,0,0,0,0,0,0,-0.819195,0,111.4,76.46,16.69,12.6,98.4,0,0
0,2014,269,406,0,0,0,17.09,1010,0,0,0,0,0,0,0,0,-0.862311,0,111.2,76.62,16.69,12.6,98.3,0,0
0,2014,269,407,0,0,0,17.07,1010,0,0,0,0,0,0,0,0,-0.776080,0,111,76.78,16.69,12.61,98.3,0,0
0,2014,269,408,0,0,0,17.07,1010,0,0,0,0,0,0,0,0,-0.776080,0,110.8,76.93,16.69,12.61,98.4,0,0
0,2014,269,409,0,0,0,17.01,1010,0,0,0,0,0,0,0,0,-0.776080,0,110.6,77.09,16.66,12.6,98.3,0,0
0,2014,269,410,0,0,0,17,1010,0,0,0,0,0,0,0,0,-0.776080,0,110.4,77.25,16.66,12.6,98.3,0,0
0,2014,269,411,0,0,0,16.99,1010,0,0,0,0,0,0,0,0,-0.862311,0,110.2,77.41,16.65,12.59,98.4,0,0
0,2014,269,412,0,0,0,17.06,1010,0,0,0,0,0,0,0,0,-0.732964,0,110,77.56,16.64,12.6,98.5,0,0
0,2014,269,413,0,0,0,17.16,1010,0,0,0,0,0,0,0,0,-0.819195,0,109.8,77.72,16.64,12.6,98.6,0,0
0,2014,269,414,0,0,0,17.28,1010,0,0,0,0,0,0,0,0,-0.732964,0,109.6,77.87,16.61,12.6,98.7,0,0
0,2014,269,415,0,0,0,17.31,1010,0,0,0,0,0,0,0,0,-0.732964,0,109.4,78.03,16.61,12.6,98.7,0,0
0,2014,269,416,0,0,0,17.3,1010,0,0,0,0,0,0,0,0,-0.776080,0,109.2,78.19,16.6,12.6,98.6,0,0
0,2014,269,417,0,0,0,17.28,1010,0,0,0,0,0,0,0,0,-0.776080,0,109,78.34,16.6,12.6,98.5,0,0
0,2014,269,418,0,0,0,17.26,1010,0,0,0,0,0,0,0,0,-0.819195,0,108.8,78.49,16.59,12.6,98.5,0,0
0,2014,269,419,0,0,0,17.26,1010,0,0,0,0,0,0,0,0,-0.819195,0,108.5,78.65,16.6,12.6,98.6,0,0
0,2014,269,420,0,0,0,17.26,1010,0,0,0,0,0,0,0,0,-0.732964,0,108.3,78.8,16.59,12.6,98.5,0,0
0,2014,269,421,0,0,0,17.16,1010,0,0,0,0,0,0,0,0,-0.819195,0,108.1,78.95,16.6,12.6,98.4,0,0
0,2014,269,422,0,0,0,17.12,1010,0,0,0,0,0,0,0,0,-0.776080,0,107.9,79.11,16.61,12.6,98.4,0,0
0,2014,269,423,0,0,0,17.12,1010,0,0,0,0,0,0,0,0,-0.819195,0,107.7,79.26,16.61,12.6,98.5,0,0
0,2014,269,424,0,0,0,17.16,1010,0,0,0,0,0,0,0,0,-0.776080,0,107.5,79.41,16.61,12.6,98.6,0,0
0,2014,269,425,0,0,0,17.16,1010,0,0,0,0,0,0,0,0,-0.819195,0,107.3,79.56,16.61,12.6,98.6,0,0
0,2014,269,426,0,0,0,17.14,1010,0,0,0,0,0,0,0,0,-0.862311,0,107.1,79.71,16.61,12.6,98.6,0,0
0,2014,269,427,0,0,0,17.14,1010,0,0,0,0,0,0,0,0,-0.776080,0,106.9,79.87,16.6,12.6,98.6,0,0
0,2014,269,428,0,0,0,17.22,1010,0,0,0,0,0,0,0,0,-0.646733,0,106.7,80,16.59,12.6,98.7,0,0
0,2014,269,429,0,0,0,17.31,1010,0,0,0,0,0,0,0,0,-0.862311,0,106.5,80.2,16.6,12.6,98.8,0,0
0,2014,269,430,0,0,0,17.31,1010,0,0,0,0,0,0,0,0,-0.862311,0,106.3,80.3,16.59,12.6,98.7,0,0
0,2014,269,431,0,0,0,17.3,1010,0,0,0,0,0,0,0,0,-0.819195,0,106.1,80.5,16.59,12.54,98.7,0,0
0,2014,269,432,0,0,0,17.29,1010,0,0,0,0,0,0,0,0,-0.776080,0,105.9,80.6,16.59,12.59,98.6,0,0
0,2014,269,433,0,0,0,17.23,1010,0,0,0,0,0,0,0,0,-0.776080,0,105.7,80.8,16.59,12.59,98.6,0,0
0,2014,269,434,0,0,0,17.21,1010,0,0,0,0,0,0,0,0,-0.776080,0,105.5,80.9,16.59,12.59,98.5,0,0
0,2014,269,435,0,0,0,17.18,1010,0,0,0,0,0,0,0,0,-0.732964,0,105.3,81.1,16.61,12.59,98.6,0,0
0,2014,269,436,0,0,0,17.23,1010,0,0,0,0,0,0,0,0,-0.862311,0,105.1,81.2,16.61,12.59,98.7,0,0
0,2014,269,437,0,0,0,17.26,1010,0,0,0,0,0,0,0,0,-0.517387,0,104.9,81.4,16.61,12.59,98.7,0,0
0,2014,269,438,0.092712,0,0.092712,17.24,1010,0,0,0,0,0,0.083488,0,0.083488,0.215578,0,104.7,81.5,16.61,12.59,98.7,0,0
0,2014,269,439,0,0,0,17.2,1010,0,0,0,0,0,0,0,0,0.215578,0,104.5,81.7,16.61,12.59,98.6,0,0
0,2014,269,440,0.046356,0,0.046356,17.18,1010,0,0,0,0,0,0.041744,0,0.041744,0.301809,0,104.3,81.8,16.61,12.59,98.6,0,0
0,2014,269,441,0,0,0,17.23,1010,0,0,0,0,0,0,0,0,0.129347,0,104.1,82,16.6,12.59,98.7,0,0
0,2014,269,442,0.092712,0,0.092712,17.3,1010,0,0,0,0,0,0.083488,0,0.083488,0,0,103.8,82.1,16.59,12.59,98.8,0,0
0,2014,269,443,0.046356,0,0.046356,17.33,1010,0,0,0,0,0,0.041744,0,0.041744,0.086231,0,103.6,82.2,16.59,12.59,98.8,0,0
0,2014,269,444,0,0,0,17.33,1010,0,0,0,0,0,0,0,0,0.344924,0,103.4,82.4,16.59,12.59,98.8,0,0
0,2014,269,445,0.046356,0,0.046356,17.32,1010,0,0,0,0,0,0.041744,0,0.041744,0.129347,0,103.2,82.5,16.59,12.59,98.7,0,0
0,2014,269,446,0,0,0,17.37,1010,0,0,0,0,0,0,0,0,0.129347,0,103,82.7,16.59,12.59,98.8,0,0
0,2014,269,447,0.092712,0,0.092712,17.4,1010,0,0,0,0,0,0.083488,0,0.083488,0.043116,0,102.8,82.8,16.59,12.59,98.8,0,0
0,2014,269,448,0.046356,0,0.046356,17.39,1010,0,0,0,0,0,0.041744,0,0.041744,0.129347,0,102.6,83,16.59,12.59,98.7,0,0
0,2014,269,449,0.046356,0,0.046356,17.42,1010,0,0,0,0,0,0.041744,0,0.041744,0.043116,0,102.4,83.1,16.59,12.59,98.8,0,0
0,2014,269,450,0.046356,0,0.046356,17.37,1010,0,0,0,0,0,0.041744,0,0.041744,0.129347,0,102.2,83.3,16.59,12.59,98.7,0,0
0,2014,269,451,0.092712,0,0.092712,17.28,1010,0,0,0,0,0,0.083488,0,0.083488,0.172462,0,102,83.4,16.59,12.59,98.6,0,0
0,2014,269,452,0.092712,0,0.092712,17.19,1010,0,0,0,0,0,0.083488,0,0.083488,0.129347,0,101.8,83.6,16.59,12.59,98.5,0,0
0,2014,269,453,0.092712,0,0.092712,17.16,1010,0,0,0,0,0,0.083488,0,0.083488,0.129347,0,101.6,83.7,16.59,12.58,98.5,0,0
0,2014,269,454,0.092712,0,0.092712,17.19,1010,0,0,0,0,0,0.083488,0,0.083488,0.172462,0,101.4,83.8,16.59,12.59,98.6,0,0
0,2014,269,455,0.046356,0,0.046356,17.17,1010,0,0,0,0,0,0.041744,0,0.041744,0.129347,0,101.2,84,16.59,12.58,98.6,0,0
0,2014,269,456,0.046356,0,0.046356,17.16,1010,0,0,0,0,0,0.041744,0,0.041744,0.129347,0,101,84.1,16.57,12.58,98.6,0,0
0,2014,269,457,0.139069,0,0.139069,17.19,1010,0,0,0,0,0,0.125232,0,0.125232,0.172462,0,100.8,84.3,16.56,12.58,98.7,0,0
0,2014,269,458,0.046356,0,0.046356,17.2,1010,0,0,0,0,0,0.041744,0,0.041744,0.086231,0,100.5,84.4,16.56,12.58,98.7,0,0
0,2014,269,459,0.092712,0,0.092712,17.21,1010,0,0,0,0,0,0.083488,0,0.083488,0.172462,0,100.3,84.6,16.56,12.58,98.7,0,0
0,2014,269,500,0.046356,0,0.046356,17.24,1010,0,0,0,0,0,0.041744,0,0.041744,0.043116,0,100.1,84.7,16.56,12.58,98.7,0,0
0,2014,269,501,0.092712,0,0.092712,17.25,1010,0,0,0,0,0,0.083488,0,0.083488,0.215578,0,99.9,84.9,16.56,12.54,98.7,0,0
0,2014,269,502,0.092712,0,0.092712,17.19,1010,0,0,0,0,0,0.083488,0,0.083488,0.129347,0,99.7,85,16.54,12.57,98.6,0,0
0,2014,269,503,0.046356,0,0.046356,17.16,1010,0,0,0,0,0,0.041744,0,0.041744,0.215578,0,99.5,85.1,16.54,12.58,98.6,0,0
0,2014,269,504,0.092712,0,0.092712,17.14,1010,0,0,0,0,0,0.083488,0,0.083488,0.129347,0,99.3,85.3,16.54,12.58,98.7,0,0
0,2014,269,505,0.092712,0,0.092712,17.14,1010,0,0,0,0,0,0.083488,0,0.083488,0.043116,0,99.1,85.4,16.54,12.58,98.7,0,0
0,2014,269,506,0,0,0,17.18,1010,0,0,0,0,0,0,0,0,0.172462,0,98.9,85.6,16.54,12.58,98.8,0,0
0,2014,269,507,0.046356,0,0.046356,17.16,1010,0,0,0,0,0,0.041744,0,0.041744,0.129347,0,98.7,85.7,16.54,12.58,98.8,0,0
0,2014,269,508,0.092712,0,0.092712,17.18,1010,0,0,0,0,0,0.083488,0,0.083488,0.086231,0,98.5,85.9,16.53,12.58,98.8,0,0
0,2014,269,509,0.046356,0,0.046356,17.25,1010,0,0,0,0,0,0.041744,0,0.041744,0.129347,0,98.3,86,16.53,12.58,98.9,0,0
0,2014,269,510,0.046356,0,0.046356,17.25,1010,0,0,0,0,0,0.041744,0,0.041744,0.129347,0,98.1,86.1,16.51,12.58,98.8,0,0
0,2014,269,511,0.092712,0,0.092712,17.24,1010,0,0,0,0,0,0.083488,0,0.083488,0.172462,0,97.8,86.3,16.51,12.58,98.8,0,0
0,2014,269,512,0.092712,0,0.092712,17.17,1010,0,0,0,0,0,0.083488,0,0.083488,0.258693,0,97.6,86.4,16.51,12.58,98.7,0,0
0,2014,269,513,0.046356,0,0.046356,17.19,1010,0,0,0,0,0,0.041744,0,0.041744,0.129347,0,97.4,86.6,16.53,12.58,98.7,0,0
0,2014,269,514,0,0,0,17.22,1010,0,0,0,0,0,0,0,0,0.172462,0,97.2,86.7,16.54,12.58,98.8,0,0
0,2014,269,515,0.046356,0,0.046356,17.21,1010,0,0,0,0,0,0.041744,0,0.041744,0.215578,0,97,86.8,16.54,12.58,98.8,0,0
0,2014,269,516,0.092712,0,0.092712,17.18,1010,0,0,0,0,0,0.083488,0,0.083488,0.215578,0,96.8,87,16.54,12.58,98.7,0,0
0,2014,269,517,0.185425,0,0.185425,17.16,1010,0,0,0,0,0,0.166977,0,0.166977,0.172462,0,96.6,87.1,16.54,12.57,98.7,0,0
0,2014,269,518,0.046356,0,0.046356,17.14,1010,0,0,0,0,0,0.041744,0,0.041744,0.129347,0,96.4,87.3,16.54,12.57,98.7,0,0
0,2014,269,519,0.092712,0,0.092712,17.14,1010,0,0,0,0,0,0.083488,0,0.083488,0.215578,0,96.2,87.4,16.54,12.57,98.7,0,0
0,2014,269,520,0.185425,0,0.185425,17.2,1010,0,0,0,0,0,0.166977,0,0.166977,0.215578,0,96,87.6,16.56,12.57,98.8,0,0
0,2014,269,521,0.185425,0,0.185425,17.21,1010,0,0,0,0,0,0.166977,0,0.166977,0.086231,0,95.8,87.7,16.56,12.57,98.8,0,0
0,2014,269,522,0.139069,0,0.139069,17.19,1010,0,0,0,0,0,0.125232,0,0.125232,0.344924,0,95.6,87.8,16.56,12.57,98.8,0,0
0,2014,269,523,0.278137,0,0.278137,17.19,1010,0,0,0,0,0,0.250465,0,0.250465,0.215578,0,95.3,88,16.56,12.57,98.8,0,0
0,2014,269,524,0.231781,0,0.231781,17.23,1010,0,0,0,0,0,0.208721,0,0.208721,0.215578,0,95.1,88.1,16.56,12.57,98.8,0,0
0,2014,269,525,0.139069,0,0.139069,17.24,1010,0,0,0,0,0,0.125232,0,0.125232,0.258693,0,94.9,88.3,16.56,12.57,98.9,0,0
0,2014,269,526,0.463562,0,0.463562,17.26,1010,0,0,0,0,0,0.417441,0,0.417441,0.388040,0,94.7,88.4,16.56,12.55,98.9,0,0
0,2014,269,527,0.648986,0,0.648986,17.27,1010,0,0,0,0,0,0.584418,0,0.584418,0.431155,0,94.5,88.5,16.56,12.57,98.9,0,0
0,2014,269,528,0.741698,0,0.741698,17.26,1010,0,0,0,0,0,0.667906,0,0.667906,0.431155,0,94.3,88.7,16.56,12.57,98.8,0,0
0,2014,269,529,0.880767,0,0.880767,17.22,1010,0,0,0,0,0,0.793139,0,0.793139,0.388040,0,94.1,88.8,16.56,12.57,98.8,0,0
0,2014,269,530,0.834411,0,0.834411,17.21,1010,0,0,0,0,0,0.751394,0,0.751394,0.732964,0,93.9,89,16.56,12.57,98.8,0,0
0,2014,269,531,0.880767,0,0.880767,17.24,1010,0,0,0,0,0,0.793139,0,0.793139,0.819195,0,93.7,89.1,16.56,12.54,98.8,0,0
0,2014,269,532,0.927123,0,0.927123,17.31,1010,0,0,0,0,0,0.834883,0,0.834883,0.991658,0,93.4,89.2,16.56,12.56,98.9,0,0
0,2014,269,533,0.973463,0,0.973463,17.43,1010,0,0,0,0,0,0.876627,0,0.876627,0.948542,0,93.2,89.4,16.56,12.57,99,0,0
0,2014,269,534,1.43686,0,1.43686,17.5,1010,0,0,0,0,0,1.29407,0,1.29407,1.03477,0,93,89.5,16.56,12.57,99,0,0
0,2014,269,535,1.62222,0,1.62222,17.52,1010,0,0,0,0,0,1.46104,0,1.46104,1.55216,0,92.8,89.7,16.57,12.57,98.9,0,0
0,2014,269,536,1.80758,0,1.80758,17.54,1010,0,0,0,0,0,1.62802,0,1.62802,1.68151,0,92.6,89.8,16.59,12.57,98.8,0,0
0,2014,269,537,1.99290,0,1.99290,17.53,1010,0,0,0,0,0,1.79500,0,1.79500,1.72462,0,92.4,89.9,16.59,12.57,98.7,0,0
0,2014,269,538,2.40981,0,2.40981,17.55,1010,0,0,0,0,0,2.17069,0,2.17069,1.94020,0,92.2,90.1,16.59,12.57,98.7,0,0
0,2014,269,539,2.78041,0,2.78041,17.53,1010,0,0,0,0,0,2.50465,0,2.50465,2.45759,0,91.9,90.2,16.6,12.56,98.6,0,0
0,2014,269,540,2.91933,0,2.91933,17.49,1010,0,0,0,0,0,2.62988,0,2.62988,2.58693,0,91.7,90.4,16.61,12.56,98.5,0,0
0,2014,269,541,3.47503,0,3.47503,17.46,1010,0,0,0,0,0,3.13081,0,3.13081,2.93186,0,91.5,90.5,16.64,12.55,98.4,0,0
0,2014,269,542,3.70656,0,3.70656,17.46,1010,0,0,0,0,0,3.33953,0,3.33953,3.40613,0,91.2,90.6,16.64,12.55,98.4,0,0
0,2014,269,543,3.70656,0,3.70656,17.49,1010,0,0,0,0,0,3.33953,0,3.33953,3.44924,0,91,90.8,16.64,12.55,98.4,0,0
0,2014,269,544,3.70656,0,3.70656,17.52,1010,0,0,0,0,0,3.33953,0,3.33953,3.44924,0,90.7,90.9,16.65,12.55,98.4,0,0
0,2014,269,545,4.12319,0,4.12319,17.53,1010,0,0,0,0,0,3.71523,0,3.71523,3.49236,0,90.5,91.1,16.66,12.55,98.4,0,0
0,2014,269,546,4.58612,0,4.58612,17.58,1010,0,0,0,0,0,4.13267,0,4.13267,4.00975,0,90.1,91.2,16.67,12.55,98.5,0,0
0,2014,269,547,5.04889,0,5.04889,17.63,1010,0,0,0,0,0,4.55011,0,4.55011,4.39779,0,89.9,91.3,16.69,12.55,98.5,0,0
0,2014,269,548,3.12878,0,3.12878,17.69,1010,0,0,0,0,0,5.09279,14.8043,5.00930,5.04452,0,89.7,91.5,16.69,12.55,98.5,0,0
0,2014,269,549,1.50450,0,1.50450,17.77,1010,0,0,0,0,0,5.84418,52.3682,5.46848,5.51879,0,89.5,91.6,16.69,12.55,98.5,0,0
0,2014,269,550,1.96620,0,1.96620,17.78,1010,0,0,0,0,0,6.30337,34.0553,5.90680,6.20864,0,89.4,91.8,16.7,12.54,98.3,0,0
0,2014,269,551,2.65267,0,2.65267,17.79,1010,0,0,0,0,0,7.13825,24.0482,6.78760,6.94160,0,89.2,91.9,16.71,12.54,98.2,0,0
0,2014,269,552,3.42367,0,3.42367,17.82,1010,0,0,0,0,0,7.84790,16.5088,7.55569,7.67457,0,89,92,16.74,12.55,98.2,0,0
0,2014,269,553,4.27123,0,4.27123,17.84,1010,0,0,0,0,0,8.47406,7.79348,8.30708,8.45065,0,88.8,92.2,16.74,12.55,98.1,0,0
0,2014,269,554,5.23555,0,5.23555,17.84,1010,0,0,0,0,0,9.14197,14.4871,8.80801,9.01115,131.8,88.6,92.3,16.75,12.55,98,0,0
0,2014,269,555,6.27917,0,6.27917,17.86,1010,0,0,0,0,0,9.80987,18.3742,9.30894,9.87346,241.3,88.4,92.5,16.76,12.55,97.9,0,0
0,2014,269,556,7.43367,0,7.43367,17.77,1010,0,0,0,0,0,10.5613,2.81800,10.4778,10.5202,244.9,88.2,92.6,16.79,12.54,97.7,0,0
0,2014,269,557,8.52408,0,8.52408,17.72,1010,0,0,0,0,0,11.1874,8.56550,10.8952,11.1238,249.7,88.1,92.7,16.79,12.55,97.6,0,0
0,2014,269,558,9.72024,0,9.72024,17.65,1010,0,0,0,0,0,11.9388,4.71877,11.7593,11.9861,255.5,87.9,92.9,16.8,12.54,97.4,0,0
0,2014,269,559,10.8698,0,10.8698,17.64,1010,0,0,0,0,0,12.6485,4.78783,12.4523,12.5897,262.1,87.7,93,16.81,12.55,97.5,0,0
0,2014,269,600,11.9188,0,11.9188,17.63,1010,0,0,0,0,0,13.2746,6.49959,12.9949,13.1934,269.4,87.5,93.2,16.84,12.55,97.5,0,0
0,2014,269,601,12.8503,0,12.8503,17.68,1010,0,0,0,0,0,13.8173,8.79876,13.3999,13.7970,277,87.3,93.3,16.84,12.55,97.6,0,0
0,2014,269,602,13.7318,0,13.7318,17.73,1010,0,0,0,0,0,14.3600,3.23907,14.1930,14.3575,285.1,87.1,93.4,16.85,12.54,97.6,0,0
0,2014,269,603,14.7294,0,14.7294,17.8,1010,0,0,0,0,0,15.0696,7.78825,14.6522,14.8318,293.5,86.9,93.6,16.86,12.54,97.7,0,0
0,2014,269,604,15.6056,0,15.6056,17.87,1010,0,0,0,0,0,15.6958,10.2053,15.1072,15.5647,302.1,86.7,93.7,16.89,12.55,97.7,0,0
0,2014,269,605,16.3182,0,16.3182,17.91,1010,0,0,0,0,0,16.1967,4.74238,15.9045,16.1683,310.9,86.5,93.9,16.89,12.55,97.6,0,0
0,2014,269,606,17.0782,0,17.0782,17.94,1010,0,0,0,0,0,16.7812,1.27802,16.6977,16.5564,319.8,86.3,94,16.89,12.55,97.6,0,0
0,2014,269,607,17.8091,0,17.8091,17.92,1010,0,0,0,0,0,17.3656,3.11256,17.1568,17.1600,328.8,86.1,94.1,16.91,12.55,97.5,0,0
0,2014,269,608,20.0645,1.14552,19.9820,17.94,1010,0,0,0,0,0,19.4528,12.2323,18.5761,19.4882,337.8,85.9,94.3,16.94,12.55,97.5,0,0
0,2014,269,609,24.7293,0.571887,24.687,17.94,1010,0,0,0,0,0,23.8776,10.1031,23.1262,23.7136,346.9,85.7,94.4,16.94,12.55,97.4,0,0
0,2014,269,610,26.5787,0,26.5787,17.97,1010,0,0,0,0,0,25.5892,5.84411,25.1300,25.5244,355.9,85.5,94.6,16.95,12.55,97.4,0,0
0,2014,269,611,31.3239,71.9972,25.3573,17.99,1010,0,0,0,0,0,30.0975,90.5392,22.6045,31.2157,364.9,85.3,94.7,16.97,12.55,97.3,0,0
0,2014,269,612,37.1902,154.117,24.0338,18,1010,0,0,0,0,0,35.6912,178.243,20.4755,35.4410,373.8,85.1,94.8,16.98,12.55,97.2,0,0
0,2014,269,613,36.0846,71.4235,29.6691,18.02,1010,0,0,0,0,0,34.6059,83.8358,27.0753,33.8457,382.7,84.9,95,16.98,12.55,97.2,0,0
0,2014,269,614,34.0479,110.745,23.8042,18.05,1010,0,0,0,0,0,32.6439,132.052,20.4296,32.9834,391.4,84.7,95.1,17.01,12.55,97.1,0,0
0,2014,269,615,32.0432,76.4371,24.7226,18.09,1010,0,0,0,0,0,30.7237,95.0025,21.6235,30.9570,400.1,84.5,95.3,17.04,12.55,97,0,0
0,2014,269,616,31.0756,0,31.0756,18.11,1010,0,0,0,0,0,29.8053,2.94533,29.5131,30.3965,408.7,84.3,95.4,17.05,12.55,96.9,0,0
0,2014,269,617,32.2345,33.4142,28.7684,18.13,1010,0,0,0,0,0,30.9324,46.3414,26.1318,31.3019,417.1,84.1,95.6,17.06,12.55,96.8,0,0
0,2014,269,618,28.0415,0,28.0415,18.15,1010,0,0,0,0,0,26.9250,0.778502,26.8415,26.6454,425.4,83.9,95.7,17.09,12.54,96.8,0,0
0,2014,269,619,27.4559,0,27.4559,18.18,1010,0,0,0,0,0,26.3823,6.83374,25.6309,26.2574,433.6,83.7,95.8,17.09,12.55,96.7,0,0
0,2014,269,620,32.1207,0.572985,32.0557,18.22,1010,0,0,0,0,0,30.8907,8.83144,29.8888,30.8707,441.6,83.5,96,17.11,12.55,96.6,0,0
0,2014,269,621,36.2862,39.2529,31.6635,18.24,1010,0,0,0,0,0,34.9398,51.7942,28.8452,35.6997,449.6,83.3,96.1,17.14,12.55,96.5,0,0
0,2014,269,622,38.1093,3.17183,37.7190,18.26,1010,0,0,0,0,0,37.0688,8.18447,36.0753,38.3728,457.4,83.1,96.3,17.14,12.55,96.4,0,0
0,2014,269,623,35.0490,25.0854,31.9625,18.3,1010,0,0,0,0,0,34.3554,35.3525,30.0057,34.9236,465,82.9,96.4,17.16,12.56,96.4,0,0
0,2014,269,624,31.9734,0,31.9734,18.33,1010,0,0,0,0,0,31.5586,0.362375,31.5127,31.3019,472.5,82.7,96.6,17.19,12.56,96.3,0,0
0,2014,269,625,43.0237,78.4487,32.6737,18.37,1010,0,0,0,0,0,42.746,106.619,28.6949,44.7539,479.9,82.5,96.7,17.19,12.56,96.2,0,0
0,2014,269,626,74.5407,306.054,33.2844,18.38,1010,0,0,0,0,0,74.4715,357.793,26.2445,77.5217,487.1,82.3,96.8,17.21,12.55,96.1,0,0
0,2014,269,627,91.3277,408.925,34.8370,18.44,1010,0,0,0,0,0,91.6701,472.056,26.4574,93.3452,494.3,82.1,97,17.24,12.56,95.9,0,0
0,2014,269,628,98.4608,439.592,36.1838,18.49,1010,0,0,0,0,0,99.2258,508.019,27.2548,104.124,501.2,81.9,97.1,17.25,12.56,95.9,0,0
0,2014,269,629,101.323,446.890,36.4584,18.57,1010,0,0,0,0,0,102.440,517.673,27.3007,107.315,508,81.7,97.3,17.26,12.58,95.8,0,0
0,2014,269,630,92.1009,376.090,36.2266,18.66,1010,0,0,0,0,0,93.3399,441.597,27.7306,93.0002,514.7,81.5,97.4,17.29,12.59,95.8,0,0
0,2014,269,631,74.1818,258.146,34.9102,18.79,1010,0,0,0,0,0,75.3064,312.338,27.7891,72.0461,521.2,81.2,97.6,17.3,12.6,95.7,0,0
0,2014,269,632,86.1001,318.231,36.5175,18.87,1010,0,0,0,0,0,87.4957,378.918,28.4612,88.3869,527.6,81,97.7,17.34,12.57,95.4,0,0
0,2014,269,633,109.783,443.282,39.1964,18.94,1010,0,0,0,0,0,111.373,514.646,29.4254,115.248,534,80.8,97.8,17.37,12.58,95,0,0
0,2014,269,634,117.690,477.803,39.9541,18.96,1010,0,0,0,0,0,119.096,549.675,29.6675,124.216,540.2,80.6,98,17.42,12.57,94.7,0,0
0,2014,269,635,121.408,485.635,40.6998,19.01,1010,0,0,0,0,0,122.561,555.818,30.1894,127.191,546.4,80.4,98.1,17.45,12.59,94.4,0,0
0,2014,269,636,124.552,493.341,40.8373,19.07,1010,0,0,0,0,0,125.441,561.607,30.1434,130.209,552.4,80.2,98.3,17.5,12.61,94.2,0,0
0,2014,269,637,127.655,499.809,41.0949,19.15,1010,0,0,0,0,0,128.280,566.202,30.2228,132.279,558.3,80,98.4,17.54,12.63,94,0,0
0,2014,269,638,130.418,504.161,41.3422,19.29,1010,0,0,0,0,0,130.784,568.657,30.3146,134.693,563.9,79.82,98.6,17.59,12.64,93.8,0,0
0,2014,269,639,133.849,512.765,41.4612,19.39,1010,0,0,0,0,0,133.957,575.649,30.2395,137.323,569.6,79.62,98.7,17.63,12.64,93.4,0,0
0,2014,269,640,136.736,513.316,42.4589,19.5,1010,0,0,0,0,0,136.587,574.474,31.0785,139.910,575.1,79.42,98.9,17.7,12.64,92.9,0,0
0,2014,269,641,139.868,520.848,42.3967,19.61,1010,0,0,0,0,0,139.467,580.437,30.8447,142.454,580.6,79.21,99,17.77,12.66,92.4,0,0
0,2014,269,642,142.574,523.190,42.8421,19.74,1010,0,0,0,0,0,141.930,581.174,31.1453,144.739,585.9,79.01,99.2,17.83,12.64,92,0,0
0,2014,269,643,145.360,525.557,43.3491,19.86,1010,0,0,0,0,0,144.476,582.033,31.5043,147.412,591.1,78.81,99.3,17.91,12.66,91.5,0,0
0,2014,269,644,148.184,529.304,43.6019,19.94,1010,0,0,0,0,0,147.065,584.344,31.6087,149.870,596.2,78.6,99.4,17.99,12.67,91,0,0
0,2014,269,645,151.874,537.176,43.873,20.08,1010,0,0,0,0,0,150.529,591.118,31.6838,153.448,601.3,78.4,99.6,18.07,12.68,90.7,0,0
0,2014,269,646,155.224,541.845,44.4022,20.18,1010,0,0,0,0,0,153.660,594.649,32.0386,156.596,606.2,78.2,99.7,18.16,12.68,90.1,0,0
0,2014,269,647,157.677,542.138,44.9227,20.28,1010,0,0,0,0,0,155.914,593.708,32.4352,158.967,611.1,78,99.9,18.25,12.69,89.5,0,0
0,2014,269,648,160.499,543.016,45.6791,20.37,1010,0,0,0,0,0,158.544,593.508,33.0488,161.769,615.9,77.79,100,18.35,12.7,88.9,0,0
0,2014,269,649,163.681,547.000,46.1281,20.5,1010,0.027,281.5,0,0.119,0.547,161.550,596.604,33.3369,164.744,620.6,77.59,100.2,18.43,12.71,88.3,0,0
0,2014,269,650,167.109,554.345,46.0619,20.59,1010,0,0,0,0,0,164.806,603.165,33.0989,167.978,625.3,77.39,100.3,18.53,12.72,87.7,0,0
0,2014,269,651,170.607,559.704,46.4565,20.66,1010,0,0,0,0,0,168.145,607.828,33.3202,171.514,629.9,77.18,100.5,18.64,12.72,87,0,0
0,2014,269,652,173.880,564.240,46.7793,20.71,1010,0,0,0,0,0,171.276,611.709,33.4830,175.092,634.4,76.98,100.6,18.74,12.73,86.6,0,0
0,2014,269,653,176.792,566.477,47.2374,20.8,1010,0,0,0,0,0,174.073,613.344,33.8002,178.024,638.8,76.78,100.8,18.84,12.74,86.1,0,0
0,2014,269,654,180.072,571.208,47.4700,20.83,1010,0,0,0,0,0,177.246,617.593,33.8754,181.344,643.2,76.58,100.9,18.95,12.75,85.5,0,0
0,2014,269,655,182.990,573.185,47.9595,20.88,1010,0,0,0,0,0,180.084,619.148,34.2260,184.578,647.5,76.37,101.1,19.05,12.76,85.1,0,0
0,2014,269,656,186.392,577.758,48.2998,20.94,1010,0,0,0,0,0,183.424,623.470,34.4055,188.156,651.8,76.17,101.2,19.15,12.77,84.7,0,0
0,2014,269,657,189.048,579.597,48.5332,21.02,1010,0,0,0,0,0,186.054,625.071,34.5141,190.959,655.8,75.97,101.4,19.25,12.78,84.3,0,0
0,2014,269,658,192.273,580.874,49.4641,21.1,1010,0,0,0,0,0,189.268,626.286,35.2947,193.804,659.8,75.77,101.5,19.34,12.79,84,0,0
0,2014,269,659,194.840,582.737,49.5835,21.15,1010,0,0,0,0,0,191.856,628.090,35.2947,196.089,663.8,75.57,101.7,19.44,12.8,83.6,0,0
0,2014,269,700,197.430,582.955,50.1290,21.16,1010,0,0,0,0,0,194.486,628.324,35.7205,198.806,667.8,75.36,101.8,19.53,12.81,83.3,0,0
0,2014,269,701,200.784,585.602,50.8126,21.24,1010,0,0,0,0,0,197.909,631.236,36.2506,202.125,671.6,75.16,102,19.63,12.81,83.2,0,0
0,2014,269,702,203.969,588.597,51.2273,21.3,1010,0,0,0,0,0,201.164,634.456,36.5217,205.315,675.3,74.96,102.1,19.73,12.81,83.1,0,0
0,2014,269,703,207.152,590.287,51.9636,21.38,1010,0,0,0,0,0,204.377,636.199,37.1186,208.548,678.9,74.76,102.3,19.84,12.83,83.1,0,0
0,2014,269,704,210.587,594.555,52.2659,21.46,1010,0,0,0,0,0,207.842,640.549,37.2729,212.040,682.4,74.56,102.4,19.92,12.84,82.9,0,0
0,2014,269,705,213.609,597.168,52.5692,21.49,1010,0,0,0,0,0,210.889,643.153,37.4482,215.187,686,74.36,102.6,20.02,12.85,82.4,0,0
0,2014,269,706,217.172,600.671,53.1513,21.54,1010,0,0,0,0,0,214.478,646.723,37.8822,218.721,689.6,74.15,102.7,20.13,12.86,82.4,0,0
0,2014,269,707,221.155,607.501,53.2176,21.6,1010,0,0,0,0,0,218.484,653.664,37.7860,222.730,692.9,73.95,102.9,20.22,12.87,82,0,0
0,2014,269,708,224.982,610.752,54.0840,21.57,1010,0,0,0,0,0,222.324,656.946,38.4997,226.524,696.6,73.75,103,20.31,12.89,81.5,0,0
0,2014,269,709,227.492,612.463,54.0498,21.58,1010,0,0,0,0,0,224.869,658.585,38.3659,229.066,700,73.55,103.2,20.42,12.9,81.4,0,0
0,2014,269,710,230.681,616.738,53.9564,21.58,1010,0.15,46.45,6.819,0.266,0.814,228.083,662.837,38.1487,232.170,703.4,73.35,103.4,20.53,12.91,81.1,0,0
0,2014,269,711,234.453,622.388,54.0210,21.59,1010,0.109,30.29,7.089,0.219,0.547,231.880,668.537,38.0693,235.704,706.7,73.15,103.5,20.64,12.93,80.8,0,0
0,2014,269,712,237.464,624.805,54.2346,21.63,1010,0,0,0,0,0,234.927,670.938,38.1694,238.851,709.9,72.95,103.7,20.72,12.94,80.5,0,0
0,2014,269,713,241.642,633.749,53.6665,21.71,1010,0.149,5.596,1.592,0.377,1.346,239.143,680.007,37.4473,242.904,713.1,72.75,103.8,20.81,12.96,80.5,0,0
0,2014,269,714,245.487,639.909,53.5511,21.76,1010,1.799,19.05,10.26,0.268,2.412,243.024,686.237,37.1925,246.653,716,72.55,104,20.91,12.97,79.84,0,0
0,2014,269,715,247.869,639.207,54.0161,21.75,1010,1.346,18.31,20.57,0.238,1.879,245.444,685.433,37.5722,249.153,719.4,72.35,104.1,21.02,12.98,79.2,0,0
0,2014,269,716,252.169,647.361,53.6864,21.81,1010,1.053,17.34,8.64,0.237,1.346,249.784,693.704,37.0919,253.075,722.5,72.15,104.3,21.11,13,78.59,0,0
0,2014,269,717,254.496,645.627,54.3975,21.85,1010,0.854,4.537,22.94,0.27,1.613,252.161,691.896,37.7220,255.530,725.6,71.95,104.4,21.21,13.01,78.11,0,0
0,2014,269,718,257.909,647.381,55.1191,21.91,1010,1.466,0.714,16.96,0.273,1.879,255.624,693.693,38.3270,259.021,728.5,71.74,104.6,21.29,13.02,78.16,0,0
0,2014,269,719,261.214,650.407,55.3208,21.89,1010,1.719,345.7,18.49,0.399,2.412,258.962,696.685,38.4185,262.296,731.5,71.54,104.8,21.4,13.03,77.21,0,0
0,2014,269,720,265.348,653.105,56.4410,21.91,1010,1.786,9.82,21.38,0.295,2.412,263.134,699.446,39.4033,266.432,734.5,71.35,104.9,21.48,13.04,77.37,0,0
0,2014,269,721,268.889,657.321,56.4631,21.94,1010,1.852,6.335,17.96,0.237,2.145,266.721,703.687,39.3113,269.879,737.1,71.15,105.1,21.59,13.06,77.6,0,0
0,2014,269,722,272.683,663.273,56.1483,21.96,1010,1.573,1.249,16.86,0.34,2.145,270.558,709.67,38.8766,273.713,739.9,70.95,105.2,21.67,13.05,77.55,0,0
0,2014,269,723,276.341,667.011,56.3911,22,1010,1.906,20.87,20.51,0.302,2.412,274.269,713.449,39.0055,277.546,742.5,70.75,105.4,21.77,13.08,77.39,0,0
0,2014,269,724,278.628,667.070,56.4696,21.99,1010,2.066,34.35,11.62,0.358,2.678,276.604,713.407,39.0135,279.526,745.2,70.55,105.5,21.85,13.09,77.43,0,0
0,2014,269,725,280.718,664.517,57.2334,21.9,1010,2.292,35.95,5.909,0.214,2.678,278.728,710.691,39.7139,281.547,747.9,70.35,105.7,21.95,13.09,77.5,0,0
0,2014,269,726,284.784,670.014,57.2655,21.81,1010,2.505,34.2,8.79,0.211,2.944,282.814,716.159,39.6257,285.380,750.5,70.15,105.9,22.03,13.11,78.09,0,0
0,2014,269,727,288.549,673.606,57.6167,21.74,1010,2.012,22.71,11.28,0.26,2.412,286.609,719.720,39.8674,289.128,753.1,69.95,106,22.11,13.11,78.25,0,0
0,2014,269,728,292.149,676.192,58.1289,21.82,1010,1.999,13.83,9.84,0.309,2.678,290.277,722.368,40.2756,292.700,755.5,69.75,106.2,22.22,13.12,78.52,0,0
0,2014,269,729,293.762,675.077,57.9341,21.97,1010,1.839,26.76,17.2,0.295,2.145,291.985,721.231,40.0332,294.594,757.7,69.55,106.4,22.31,13.13,78.45,0,0
0,2014,269,730,298.207,682.142,57.6990,22.02,1010,1.413,31.36,12.15,0.265,1.879,296.489,728.396,39.6738,298.729,760.2,69.36,106.5,22.39,13.14,77.78,0,0
0,2014,269,731,301.015,682.226,58.2686,22.06,1010,1.693,74.33,15.23,0.293,2.145,299.364,728.464,40.1656,301.871,762.8,69.16,106.7,22.47,13.15,76.98,0,0
0,2014,269,732,303.978,685.485,57.8684,22,1010,0.999,48.4,29.71,0.516,1.879,302.366,731.641,39.6853,304.713,765.4,68.96,106.8,22.59,13.14,76.86,0,0
0,2014,269,733,307.366,685.435,59.065,22.07,1010,0.408,31.29,11.02,0.397,1.08,305.828,731.636,40.7910,308.160,767.7,68.76,107,22.7,13.16,76.4,0,0
0,2014,269,734,311.732,691.430,59.0378,22.23,1010,0.326,48.79,20.6,0.38,1.08,310.289,737.799,40.6488,312.509,770.1,68.56,107.2,22.78,13.17,75.99,0,0
0,2014,269,735,314.395,691.626,59.4076,22.34,1010,1.892,57.04,10.67,0.692,2.944,313.042,738.023,40.949,315.223,772.2,68.37,107.3,22.87,13.18,75.45,0,0
0,2014,269,736,318.545,697.637,59.1105,22.2,1010,1.852,56.19,12.93,0.251,2.145,317.213,743.973,40.5479,319.359,775.1,68.17,107.5,22.97,13.18,73.98,0,0
0,2014,269,737,323.049,701.167,60.0643,22.13,1010,1.906,64,9.64,0.205,2.412,321.759,747.515,41.3907,323.881,777.5,67.97,107.7,23.07,13.19,74.04,0,0
0,2014,269,738,326.835,706.724,59.5175,22.09,1010,1.786,71.91,10.98,0.242,2.412,325.597,753.063,40.7519,327.587,779.7,67.77,107.8,23.15,13.2,74.58,0,0
0,2014,269,739,328.979,703.986,60.4582,22.09,1010,1.053,67.96,17.47,0.166,1.346,327.807,750.247,41.6404,329.783,781.7,67.58,108,23.25,13.21,74.79,0,0
0,2014,269,740,332.933,707.974,60.6439,22.2,1010,0.84,71.34,23.04,0.205,1.08,331.852,754.337,41.7320,333.875,783.8,67.38,108.2,23.35,13.21,74.79,0,0
0,2014,269,741,336.570,710.096,61.2179,22.38,1010,1.44,78.62,13.23,0.318,1.879,335.607,756.606,42.2202,337.409,785.6,67.18,108.3,23.44,13.22,74.82,0,0
0,2014,269,742,339.813,712.204,61.3970,22.48,1010,1.133,49.19,19.69,0.434,1.879,338.944,758.772,42.3242,340.812,787.4,66.99,108.5,23.55,13.22,75.07,0,0
0,2014,269,743,342.504,712.597,61.7009,22.6,1010,1.613,34.11,13.37,0.168,1.879,341.739,759.212,42.5661,343.44,789.4,66.79,108.7,23.64,13.23,74.25,0,0
0,2014,269,744,345.371,715.495,61.1773,22.69,1010,1.346,42.75,10.27,0.238,1.879,344.701,762.145,41.9776,346.154,791.6,66.6,108.8,23.74,13.23,73.39,0,0
0,2014,269,745,348.667,718.109,61.1875,22.73,1010,0.38,82.3,13.43,0.406,1.08,348.080,764.784,41.9148,349.515,793.8,66.4,109,23.84,13.24,72.41,0,0
0,2014,269,746,349.882,714.898,61.4487,22.75,1010,1.423,84.5,10.05,0.764,2.145,349.372,761.471,42.1484,350.764,796,66.21,109.2,23.96,13.24,72.09,0,0
0,2014,269,747,353.562,717.781,61.7274,22.61,1010,1.959,86.3,15.08,0.387,2.678,353.086,764.272,42.3486,354.599,797.9,66.01,109.3,24.04,13.25,72.47,0,0
0,2014,269,748,358.744,725.429,61.5424,22.33,1010,1.227,67.31,27.24,0.331,1.879,358.259,771.809,42.0563,359.426,800,65.81,109.5,24.13,13.26,73.47,0,0
0,2014,269,749,361.827,727.161,61.6696,22.38,1010,1.413,55.47,17.28,0.511,2.145,361.43,773.562,42.1189,362.658,802,65.62,109.7,24.23,13.26,74.31,0,0
0,2014,269,750,364.175,727.416,61.6607,22.51,1010,2.359,56.62,10.95,0.261,2.678,363.892,773.865,42.0604,364.899,803,65.43,109.9,24.32,13.26,74.04,0,0
0,2014,269,751,367.587,728.097,62.5432,22.43,1010,1.44,40.36,8.82,0.471,2.145,367.354,774.489,42.8740,368.389,805,65.23,110,24.42,13.27,73.5,0,0
0,2014,269,752,368.975,722.774,63.9365,22.42,1010,0.947,41.15,16.27,0.273,1.346,368.815,769.068,44.2386,369.552,807,65.04,110.2,24.5,13.27,73.37,0,0
0,2014,269,753,373.412,727.343,64.2085,22.53,1010,0.476,14.41,17.96,0.409,1.346,373.363,773.772,44.4221,374.164,809,64.84,110.4,24.58,13.27,73.37,0,0
0,2014,269,754,376.246,729.624,63.8437,22.69,1010,0.027,65.45,0,0.119,0.547,376.325,776.153,44.0006,377.051,811,64.65,110.5,24.67,13.28,73.21,0,0
0,2014,269,755,379.375,731.548,63.9219,22.84,1010,0.61,49.97,18.87,0.45,1.346,379.580,778.183,44.0172,380.197,812,64.46,110.7,24.76,13.28,72.55,0,0
0,2014,269,756,381.914,732.794,63.6914,22.88,1010,0.123,73.2,1.213,0.251,0.814,382.209,779.423,43.7376,382.740,814,64.26,110.9,24.85,13.28,72.59,0,0
0,2014,269,757,386.611,738.852,63.5127,22.93,1010,0.082,39.86,2.077,0.195,0.547,387.007,785.591,43.4705,387.524,816,64.07,111.1,24.94,13.29,72.91,0,0
0,2014,269,758,389.642,739.523,64.0161,22.98,1010,1.332,34.23,6.019,0.647,2.145,390.135,786.289,43.9170,390.712,817,63.88,111.2,25.01,13.29,71.47,0,0
0,2014,269,759,391.895,740.001,63.8233,22.86,1010,1.639,37.03,12.22,0.221,2.145,392.429,786.634,43.6830,392.650,820,63.68,111.4,25.09,13.29,70.21,0,0
0,2014,269,800,395.644,742.783,64.1123,22.87,1010,1.346,69.68,19.96,0.188,1.613,396.264,789.448,43.9039,396.567,821,63.49,111.6,25.18,13.3,70.85,0,0
0,2014,269,801,398.556,744.316,64.1022,22.89,1010,1.56,70.61,13.25,0.418,2.678,399.267,790.989,43.8410,399.281,823,63.3,111.8,25.27,13.3,70.71,0,0
0,2014,269,802,400.987,744.136,64.3874,22.87,1010,1.839,58.1,19.02,0.548,2.678,401.769,790.754,44.0828,402.081,825,63.11,112,25.34,13.29,71.68,0,0
0,2014,269,803,405.089,749.043,64.0340,22.94,1010,1.506,51.5,15.66,0.32,2.145,405.982,795.759,43.6570,406.045,826,62.91,112.1,25.42,13.3,72.57,0,0
0,2014,269,804,409.145,752.109,64.4551,23.02,1010,1.48,58.29,20.14,0.273,1.879,410.155,798.929,44.0075,410.312,827,62.72,112.3,25.51,13.31,72.11,0,0
0,2014,269,805,412.778,754.149,64.9219,23,1010,1.48,25.1,23.04,0.465,2.412,413.868,800.977,44.4122,413.803,829,62.53,112.5,25.58,13.31,72.08,0,0
0,2014,269,806,414.731,754.176,64.6344,23.03,1010,1.866,37.29,7.092,0.245,2.145,415.913,800.977,44.0909,415.699,830,62.34,112.7,25.67,13.31,72.47,0,0
0,2014,269,807,417.838,756.497,64.4319,22.97,1010,1.36,36.49,17.13,0.331,1.879,419.085,803.253,43.8364,418.759,832,62.15,112.9,25.78,13.31,72.67,0,0
0,2014,269,808,422.222,762.316,63.8541,23.06,1010,1.293,38.37,12.05,0.409,1.879,423.592,809.195,43.1854,423.285,833,61.96,113,25.86,13.32,72.99,0,0
0,2014,269,809,424.600,760.977,64.6327,23.18,1010,0.136,65.09,9.82,0.279,0.814,426.094,807.914,43.9239,425.525,834,61.77,113.2,25.96,13.32,72.35,0,0
0,2014,269,810,429.430,766.104,64.7989,23.28,1010,0.462,246.4,59.31,0.428,1.346,431.058,813.200,44.0114,430.652,836,61.58,113.4,26.04,13.32,71.9,0,0
0,2014,269,811,432.957,769.067,64.6809,23.43,1010,1.173,19.17,43.12,0.35,1.879,434.728,816.295,43.8358,434.313,837,61.39,113.6,26.11,13.33,71.87,0,0
0,2014,269,812,435.949,770.000,64.992,23.56,1010,1.586,22.8,47.22,0.595,2.412,437.854,817.324,44.0984,437.455,838,61.2,113.8,26.19,13.33,71.91,0,0
0,2014,269,813,439.550,771.944,65.4237,23.49,1010,2.332,45.15,11.49,0.619,3.211,441.524,819.244,44.4737,440.901,840,61.01,114,26.27,13.33,72.29,0,0
0,2014,269,814,442.061,771.861,65.7499,23.34,1010,2.665,47.15,21.43,0.309,3.211,444.065,819.022,44.7611,443.483,841,60.82,114.2,26.34,13.33,72.55,0,0
0,2014,269,815,444.383,772.951,65.3176,23.14,1010,2.598,69.8,7.685,0.499,3.477,446.398,819.930,44.2935,445.419,843,60.63,114.3,26.4,13.33,73.21,0,0
0,2014,269,816,444.341,765.939,66.5184,22.95,1010,2.332,69.58,8.39,0.368,2.944,446.354,812.639,45.4950,445.287,844,60.44,114.5,26.48,13.33,73.1,0,0
0,2014,269,817,447.810,768.572,66.5003,22.9,1010,2.398,65.26,11.43,0.39,2.944,449.896,815.257,45.4235,448.773,846,60.26,114.7,26.54,13.34,73.1,0,0
0,2014,269,818,451.286,771.214,66.4700,22.96,1010,2.319,63.13,13.52,0.307,2.944,453.482,817.962,45.3398,452.434,847,60.07,114.9,26.59,13.34,73.78,0,0
0,2014,269,819,456.734,777.211,66.7228,22.95,1010,1.653,65.08,29.16,0.318,2.412,459.029,824.057,45.5107,457.991,848,59.88,115.1,26.64,13.34,74.1,0,0
0,2014,269,820,458.403,777.481,66.0603,23.06,1010,0.596,2.139,24.01,0.502,1.613,460.819,824.354,44.8220,459.625,849,59.69,115.3,26.7,13.34,74.87,0,0
0,2014,269,821,459.942,774.753,66.7943,23.3,1010,0.934,57.95,29.71,0.259,1.346,462.528,821.749,45.5311,461.131,850,59.51,115.5,26.76,13.34,73.95,0,0
0,2014,269,822,460.969,773.318,66.3853,23.47,1010,1.56,34.26,25.11,0.442,2.412,463.694,820.362,45.1051,462.551,851,59.32,115.7,26.82,13.34,73.02,0,0
0,2014,269,823,464.448,773.462,67.6307,23.61,1010,1.173,43.68,12.16,0.242,1.613,467.318,820.636,46.2981,466.035,852,59.13,115.9,26.88,13.34,72.69,0,0
0,2014,269,824,467.063,774.290,67.6609,23.63,1010,1.666,66.57,20.89,0.628,2.678,470.026,821.466,46.2894,468.488,854,58.95,116.1,26.96,13.35,72.46,0,0
0,2014,269,825,469.844,775.705,67.5588,23.54,1010,2.438,41.7,19.54,0.356,2.944,472.858,822.805,46.1468,471.241,855,58.76,116.3,27.04,13.35,71.98,0,0
0,2014,269,826,471.835,771.913,69.3814,23.45,1010,2.212,7.985,15.3,0.403,2.678,474.895,818.905,47.9404,473.216,856,58.58,116.5,27.1,13.35,72.83,0,0
0,2014,269,827,474.384,774.179,68.6134,23.54,1010,1.879,354.4,29.27,0.304,2.412,477.561,821.221,47.1347,475.582,858,58.39,116.7,27.18,13.35,72.32,0,0
0,2014,269,828,478.605,779.250,68.0478,23.57,1010,1.786,7.254,33.78,0.554,2.944,481.894,826.375,46.508,479.971,859,58.21,116.9,27.25,13.35,72.11,0,0
0,2014,269,829,483.884,787.848,66.6419,23.65,1010,2.252,18.43,11.45,0.472,2.944,487.311,835.134,45.0264,485.308,860,58.02,117,27.33,13.36,71.86,0,0
0,2014,269,830,486.687,787.303,67.5874,23.72,1010,2.185,34.59,12.06,0.415,2.944,490.228,834.638,45.9314,488.235,861,57.84,117.2,27.37,13.36,71.89,0,0
0,2014,269,831,489.767,788.972,67.6349,23.71,1010,2.039,43.08,9.68,0.341,2.678,493.395,836.311,45.9351,491.118,862,57.65,117.4,27.44,13.36,71.07,0,0
0,2014,269,832,490.452,783.668,69.0378,23.6,1010,1.679,32.95,16.79,0.673,2.944,494.100,830.825,47.3283,491.631,864,57.47,117.6,27.48,13.35,70.81,0,0
0,2014,269,833,491.474,778.346,70.8262,23.68,1010,2.598,34.13,9.11,0.454,3.211,495.224,825.484,49.1011,492.964,865,57.29,117.8,27.55,13.36,71.23,0,0
0,2014,269,834,494.459,777.118,72.3944,23.61,1010,1.919,35.84,24.06,0.27,2.412,498.265,824.204,50.6275,495.502,866,57.1,118.1,27.61,13.36,72.06,0,0
0,2014,269,835,498.371,779.914,72.7037,23.69,1010,1.107,60.01,27.77,0.314,1.613,502.308,827.109,50.8817,499.678,867,56.92,118.3,27.67,13.36,72.59,0,0
0,2014,269,836,500.464,780.439,72.4332,23.78,1010,1.453,39.09,48.54,0.297,1.879,504.516,827.670,50.5810,501.959,868,56.74,118.5,27.74,13.36,71.62,0,0
0,2014,269,837,504.094,783.213,72.4627,23.85,1010,2.319,73.51,18.38,0.493,3.211,508.266,830.528,50.5596,505.487,869,56.56,118.7,27.8,13.37,71.36,0,0
0,2014,269,838,507.703,786.151,72.3739,23.67,1010,1.306,81.5,28.71,0.415,2.145,511.892,833.359,50.4216,508.974,870,56.38,118.9,27.87,13.37,70.98,0,0
0,2014,269,839,511.252,789.382,72.0638,23.64,1010,0.867,35.12,40.78,0.232,1.346,515.519,836.597,50.0626,512.721,871,56.19,119.1,27.93,13.37,71.25,0,0
0,2014,269,840,514.064,790.584,72.1407,23.78,1010,1.906,84.7,29.14,0.291,2.412,518.477,837.910,50.0997,515.474,872,56.01,119.3,27.99,13.38,70.44,0,0
0,2014,269,841,518.240,794.247,72.1975,23.74,1010,1.919,43.51,37.55,0.831,3.477,522.730,841.591,50.0995,519.737,874,55.83,119.5,28.06,13.38,70.43,0,0
0,2014,269,842,521.576,797.879,71.4218,23.82,1010,1.653,42.11,11.23,0.34,2.145,526.191,845.307,49.2775,523.269,875,55.65,119.7,28.12,13.38,70.26,0,0
0,2014,269,843,523.403,796.084,72.2026,23.94,1010,1.639,67.95,15.7,0.394,2.145,528.144,843.565,50.0322,524.727,875,55.47,119.9,28.2,13.38,70.4,0,0
0,2014,269,844,525.125,796.638,71.5581,23.85,1010,2.612,63.14,13.48,0.618,3.477,529.893,843.994,49.3643,526.663,876,55.29,120.1,28.28,13.38,69.84,0,0
0,2014,269,845,528.705,799.060,71.7180,23.65,1010,2.425,57.79,17.69,0.48,3.211,533.478,846.296,49.4765,530.236,878,55.12,120.3,28.35,13.39,70.72,0,0
0,2014,269,846,532.346,798.593,73.5822,23.69,1010,1.946,50.94,16.19,0.394,2.678,537.226,845.891,51.2908,533.762,878,54.94,120.6,28.41,13.39,71.12,0,0
0,2014,269,847,535.716,800.631,73.7446,23.7,1010,0.786,52,48.58,0.388,1.613,540.684,847.954,51.4072,537.119,879,54.76,120.8,28.48,13.39,70.86,0,0
0,2014,269,848,538.650,803.428,73.0332,23.75,1010,0.218,53.27,28.81,0.306,0.814,543.724,850.796,50.6555,540.561,880,54.58,121,28.53,13.39,70.94,0,0
0,2014,269,849,541.058,802.206,74.1267,23.97,1010,2.305,41.05,18.37,0.769,3.211,546.305,849.725,51.7148,542.753,881,54.4,121.2,28.59,13.39,71.26,0,0
0,2014,269,850,543.316,804.104,73.2689,23.98,1010,2.066,42.61,12.45,0.293,2.678,548.640,851.604,50.826,544.518,882,54.23,121.4,28.66,13.39,70.4,0,0
0,2014,269,851,547.021,808.640,72.3094,23.98,1010,2.252,65.94,12.61,0.196,2.678,552.433,856.174,49.8162,548.437,883,54.05,121.6,28.71,13.39,70.98,0,0
0,2014,269,852,549.127,807.351,73.1637,23.95,1010,1.839,53.18,12.8,0.5,2.678,554.598,854.833,50.6419,550.716,884,53.88,121.9,28.76,13.4,70.62,0,0
0,2014,269,853,551.191,808.106,72.7829,23.94,1010,2.625,56.28,14.86,0.581,3.477,556.723,855.541,50.2329,552.652,885,53.7,122.1,28.8,13.4,70.63,0,0
0,2014,269,854,552.576,807.101,72.7718,23.87,1010,1.839,63.11,19.43,0.35,2.412,558.136,854.419,50.2030,554.069,886,53.52,122.3,28.87,13.4,70.75,0,0
0,2014,269,855,555.981,809.514,72.7588,23.8,1010,1.586,38.44,16.68,0.237,1.879,561.593,856.800,50.1443,557.510,887,53.35,122.5,28.9,13.4,70.63,0,0
0,2014,269,856,559.056,809.484,73.8809,23.83,1010,1.813,51.69,15.3,0.412,2.412,564.761,856.802,51.2244,560.652,888,53.18,122.7,28.97,13.4,70.9,0,0
0,2014,269,857,561.021,806.115,75.9095,23.85,1010,2.878,58.69,12.87,0.767,4.01,566.799,853.41,53.2260,562.672,888,53,123,29.02,13.41,70.6,0,0
0,2014,269,858,565.115,809.939,75.7475,23.81,1010,2.545,47.35,11.35,0.442,3.211,570.965,857.256,53.0088,566.286,889,52.83,123.2,29.08,13.41,71.02,0,0
0,2014,269,859,566.742,811.476,74.4934,23.86,1010,2.172,62.08,17.2,0.967,3.477,572.673,858.776,51.7321,568.265,890,52.66,123.4,29.13,13.41,71.11,0,0
0,2014,269,900,569.671,811.371,75.5427,23.93,1010,1.906,60.56,12.29,0.437,2.678,575.712,858.731,52.7409,571.146,891,52.48,123.6,29.2,13.41,71.13,0,0
0,2014,269,901,570.972,808.492,76.6702,23.97,1010,2.359,38.75,26.16,0.473,3.211,577.085,855.815,53.8502,572.219,891,52.31,123.9,29.25,13.41,71.36,0,0
0,2014,269,902,573.525,807.659,77.8269,23.98,1010,1.666,17.11,53.58,0.382,2.678,579.710,854.974,54.9720,574.931,892,52.14,124.1,29.3,13.41,71.7,0,0
0,2014,269,903,575.889,808.317,77.8793,23.95,1010,1.932,52.09,41.51,0.299,2.412,582.124,855.585,54.9923,577.511,893,51.97,124.3,29.35,13.41,71.84,0,0
0,2014,269,904,579.770,813.972,76.3676,23.94,1010,1.773,91.6,38.19,0.604,2.944,586.084,861.274,53.4279,581.213,894,51.8,124.6,29.4,13.42,71.75,0,0
0,2014,269,905,582.845,814.967,76.9258,23.81,1010,1.626,20.73,48.02,0.362,2.412,589.169,862.173,53.9449,584.140,895,51.63,124.8,29.45,13.42,71.9,0,0
0,2014,269,906,585.441,816.956,76.3903,23.9,1010,2.066,29.4,35.63,0.642,3.477,591.876,864.221,53.3732,586.936,895,51.46,125,29.48,13.42,72.09,0,0
0,2014,269,907,588.033,818.410,76.1928,24.01,1010,1.586,42.96,48,0.291,2.145,594.585,865.748,53.1395,589.692,896,51.29,125.3,29.53,13.43,71.81,0,0
0,2014,269,908,589.725,816.889,76.9619,23.93,1010,2.931,69.2,28.47,0.905,4.276,596.293,864.116,53.8858,591.111,897,51.12,125.5,29.57,13.43,72.28,0,0
0,2014,269,909,590.984,813.861,78.2625,23.73,1010,2.225,54.05,24.93,0.387,2.944,597.500,860.859,55.1703,592.056,897,50.95,125.7,29.62,13.43,73,0,0
0,2014,269,910,592.730,813.085,78.6494,23.72,1010,1.972,78.61,67.02,0.463,2.944,599.292,860.025,55.5330,594.166,898,50.78,126,29.65,13.43,73.58,0,0
0,2014,269,911,595.993,816.561,77.8686,23.81,1010,2.372,54.44,27.82,0.701,3.743,602.669,863.584,54.7069,597.008,899,50.62,126.2,29.68,13.43,72.97,0,0
0,2014,269,912,598.785,818.641,77.5015,23.68,1010,2.372,65.5,24.46,0.573,3.477,605.461,865.558,54.3022,599.719,900,50.45,126.5,29.7,13.44,73.05,0,0
0,2014,269,913,601.109,817.810,78.5333,23.51,1010,3.197,55.97,10.61,0.362,4.01,607.754,864.564,55.3031,602.002,900,50.28,126.7,29.75,13.44,74.48,0,0
0,2014,269,914,604.494,822.237,77.2612,23.44,1010,2.851,25.16,29.01,0.876,4.01,611.173,868.952,53.9849,605.361,901,50.12,126.9,29.77,13.44,75.01,0,0
0,2014,269,915,607.711,823.824,77.6393,23.46,1010,2.958,28.9,17.8,0.61,4.01,614.467,870.568,54.3185,608.332,901,49.95,127.2,29.8,13.44,75.26,0,0
0,2014,269,916,610.577,825.229,77.7836,23.53,1010,2.212,72.5,57.89,0.926,4.01,617.427,872.022,54.4227,611.088,902,49.79,127.4,29.82,13.45,74.76,0,0
0,2014,269,917,611.798,823.810,78.1211,23.43,1010,1.866,46.15,50.72,0.425,2.678,618.636,870.451,54.7438,612.724,903,49.62,127.7,29.82,13.45,75.43,0,0
0,2014,269,918,613.996,823.651,78.6318,23.52,1010,2.305,56.17,14.18,0.424,2.944,620.929,870.330,55.2233,614.748,903,49.46,127.9,29.85,13.45,75.1,0,0
0,2014,269,919,617.022,824.983,79.0194,23.43,1010,2.958,38,18.59,0.633,3.743,623.973,871.601,55.5695,617.763,904,49.3,128.2,29.87,13.44,75.65,0,0
0,2014,269,920,619.179,826.056,78.7038,23.52,1010,2.292,45.56,19.14,0.297,2.678,626.224,872.710,55.2232,620.088,905,49.13,128.4,29.89,13.45,76.18,0,0
0,2014,269,921,621.835,827.131,78.8880,23.69,1010,2.052,60.71,48.09,0.632,3.477,629.018,873.904,55.3691,623.103,905,48.97,128.7,29.89,13.46,75.32,0,0
0,2014,269,922,624.539,831.107,77.2197,23.68,1010,3.331,53.88,22.47,0.48,4.276,631.771,877.859,53.6632,625.558,906,48.81,128.9,29.92,13.46,74.77,0,0
0,2014,269,923,627.986,833.387,77.4042,23.5,1010,2.958,71.38,19.65,0.417,3.743,635.190,880.020,53.8008,628.659,907,48.65,129.2,29.95,13.47,75.23,0,0
0,2014,269,924,629.914,834.016,77.1714,23.32,1010,1.892,47.68,49.36,0.58,3.211,637.067,880.462,53.5421,630.468,907,48.49,129.4,29.95,13.47,75.97,0,0
0,2014,269,925,631.899,833.968,77.4539,23.36,1010,2.252,61.84,23.9,0.399,2.944,639.11,880.399,53.7965,632.320,908,48.33,129.7,29.95,13.47,76.38,0,0
0,2014,269,926,634.663,834.234,78.3141,23.32,1010,2.066,40.06,36.45,0.602,3.211,641.904,880.623,54.6182,634.948,909,48.17,130,29.99,13.47,76.33,0,0
0,2014,269,927,636.847,836.257,77.4276,23.36,1010,2.185,55.78,32.14,0.597,3.477,644.156,882.651,53.7005,637.231,909,48.01,130.2,29.99,13.48,77.07,0,0
0,2014,269,928,637.600,832.893,78.728,23.47,1010,2.465,60.39,28.27,0.672,3.743,644.990,879.284,54.9894,638.049,910,47.86,130.5,30.02,13.48,76.53,0,0
0,2014,269,929,639.999,834.182,78.5661,23.51,1010,1.932,37.67,21.04,0.353,2.412,647.451,880.575,54.7933,639.901,910,47.7,130.7,30.02,13.48,76.73,0,0
0,2014,269,930,642.497,834.546,79.1448,23.67,1010,1.892,31.37,25.81,0.425,2.678,650.078,881.047,55.3355,642.701,911,47.54,131,30.04,13.48,76.48,0,0
0,2014,269,931,644.668,835.679,78.8716,23.75,1010,1.932,54.12,45.93,0.442,2.678,652.330,882.209,55.0310,645.070,911,47.39,131.3,30.05,13.48,75.83,0,0
0,2014,269,932,647.491,838.499,78.1151,23.76,1010,3.224,40.64,13.11,0.297,3.743,655.208,885.031,54.2343,647.525,912,47.23,131.5,30.09,13.48,75.47,0,0
0,2014,269,933,649.308,837.759,78.7741,23.65,1010,2.199,39.91,15.74,0.434,2.944,657.001,884.159,54.8683,648.947,913,47.08,131.8,30.09,13.49,75.15,0,0
0,2014,269,934,651.287,836.843,79.7322,23.63,1010,2.332,66.7,14.48,0.446,3.211,659.003,883.183,55.7984,651.187,913,46.92,132.1,30.12,13.49,75.43,0,0
0,2014,269,935,653.829,838.392,79.5849,23.64,1010,2.172,71.46,21.78,0.291,2.678,661.589,884.717,55.6148,654.073,914,46.77,132.4,30.14,13.49,75.51,0,0
0,2014,269,936,656.865,840.731,79.3941,23.57,1010,2.518,57.28,26.05,0.331,2.944,664.634,887.001,55.3813,656.572,914,46.62,132.6,30.16,13.5,75.82,0,0
0,2014,269,937,658.075,840.151,79.3826,23.6,1010,1.653,16.7,68.45,0.397,2.412,665.885,886.377,55.3521,657.907,915,46.47,132.9,30.17,13.5,75.9,0,0
0,2014,269,938,660.217,839.423,80.4188,23.67,1010,1.52,30.04,49.64,0.27,2.145,668.095,885.664,56.3572,660.276,916,46.31,133.2,30.21,13.5,75.09,0,0
0,2014,269,939,662.849,841.500,80.0162,23.89,1010,1.56,50.86,48.63,0.751,3.211,670.890,887.906,55.9151,662.689,916,46.16,133.4,30.22,13.5,74.72,0,0
0,2014,269,940,666.121,846.041,78.5458,24,1010,2.492,43.67,16.94,0.72,3.743,674.268,892.544,54.3969,666.006,917,46.01,133.7,30.24,13.51,74.24,0,0
0,2014,269,941,668.802,848.251,78.1088,23.98,1010,2.092,34.08,35.96,0.353,2.944,676.979,894.727,53.9214,668.246,917,45.86,134,30.28,13.51,73.9,0,0
0,2014,269,942,671.573,851.097,77.3185,23.95,1010,1.573,44.29,52.92,0.609,2.678,679.774,897.540,53.0914,671.347,918,45.72,134.3,30.29,13.51,73.59,0,0
0,2014,269,943,673.887,851.861,77.5282,24.08,1010,2.292,52.88,25.87,0.465,2.944,682.193,898.381,53.2666,673.157,918,45.57,134.6,30.33,13.52,73.58,0,0
0,2014,269,944,676.833,854.718,76.9073,24.04,1010,2.865,52.18,13.28,0.527,3.743,685.154,901.198,52.6034,676.172,919,45.42,134.8,30.36,13.52,72.91,0,0
0,2014,269,945,679.423,859.679,74.4495,23.9,1010,3.584,60.88,13.79,0.457,4.276,687.698,906.027,50.1093,678.455,920,45.27,135.1,30.38,13.53,72.65,0,0
0,2014,269,946,680.842,858.868,74.8857,23.72,1010,2.838,67.26,17.88,0.407,3.477,689.033,905.005,50.5263,679.705,921,45.13,135.4,30.43,13.53,72.93,0,0
0,2014,269,947,681.21,854.902,76.5309,23.8,1010,2.758,60.96,14.67,0.438,3.743,689.450,900.999,52.1655,680.609,921,44.98,135.7,30.43,13.53,73.4,0,0
0,2014,269,948,683.775,855.846,76.9058,23.78,1010,3.437,46.79,10.68,0.554,4.276,692.036,901.910,52.5033,682.548,921,44.84,136,30.46,13.54,73.42,0,0
0,2014,269,949,684.906,856.189,76.2832,23.68,1010,3.184,46.79,21.26,0.673,4.542,693.120,902.094,51.8651,683.883,922,44.7,136.3,30.5,13.54,72.93,0,0
0,2014,269,950,685.853,855.428,76.2720,23.69,1010,2.731,60.64,25.86,0.333,3.477,694.080,901.258,51.8401,684.572,923,44.55,136.6,30.5,13.55,72.94,0,0
0,2014,269,951,688.471,857.230,76.1185,23.73,1010,2.292,59.79,23.66,0.516,2.944,696.749,903.073,51.6483,687.674,923,44.41,136.9,30.5,13.55,72.87,0,0
0,2014,269,952,691.200,858.124,76.7344,23.79,1010,2.585,45.16,29.32,0.643,3.743,699.543,904.006,52.2239,690.087,923,44.27,137.2,30.57,13.55,73.73,0,0
0,2014,269,953,693.696,858.749,77.3182,23.9,1010,3.104,64.88,16.79,0.731,4.276,702.130,904.699,52.7702,692.715,923,44.13,137.5,30.58,13.56,73.56,0,0
0,2014,269,954,695.354,860.394,76.3366,23.82,1010,3.184,51.73,20.12,0.641,4.276,703.756,906.225,51.7651,694.222,924,43.99,137.8,30.6,13.56,74.38,0,0
0,2014,269,955,697.655,860.741,76.9411,23.77,1010,3.158,51.67,11.19,0.575,4.542,706.05,906.501,52.3364,696.635,924,43.85,138.1,30.6,13.55,74.44,0,0
0,2014,269,956,700.225,862.315,76.9382,23.9,1010,1.986,24.81,32.03,0.722,3.743,708.719,908.162,52.2948,699.047,925,43.71,138.4,30.62,13.57,74.09,0,0
0,2014,269,957,702.274,864.171,76.2177,23.93,1010,1.813,43.59,18.74,0.385,2.412,710.805,910.005,51.5440,701.244,925,43.58,138.7,30.64,13.58,73.62,0,0
0,2014,269,958,704.793,863.988,77.4655,24.07,1010,1.852,33.98,18.7,0.265,2.412,713.433,909.922,52.7535,703.743,925,43.44,139,30.65,13.58,74.32,0,0
0,2014,269,959,706.778,867.057,75.8127,24.43,1010,2.731,45.91,16.52,0.51,3.477,715.643,913.243,51.0685,706.155,925,43.31,139.3,30.67,13.58,73.95,0,0
0,2014,269,1000,707.148,863.800,77.1612,24.45,1010,2.638,43.49,20.23,0.554,3.477,716.019,909.897,52.4115,706.500,926,43.17,139.6,30.65,13.59,72.96,0,0
0,2014,269,1001,708.163,863.587,76.9505,24.42,1010,2.878,41.48,30.03,0.476,3.743,717.019,909.584,52.1863,706.715,926,43.04,139.9,30.67,13.59,72.77,0,0
0,2014,269,1002,708.384,859.325,78.9264,24.42,1010,2.292,42.16,19,0.495,3.211,717.228,905.211,54.1592,707.189,927,42.9,140.2,30.69,13.59,73.01,0,0
0,2014,269,1003,710.829,864.378,76.3137,24.41,1010,3.078,30.61,16.05,0.417,3.743,719.689,910.237,51.5106,709.515,927,42.77,140.5,30.72,13.6,72.73,0,0
0,2014,269,1004,712.094,861.531,78.3424,24.38,1010,2.665,53.34,20.7,0.516,3.477,720.940,907.300,53.5210,710.42,928,42.64,140.8,30.74,13.6,72.98,0,0
0,2014,269,1005,714.978,864.726,77.5449,24.19,1010,3.397,60.13,7.473,0.348,4.01,723.735,910.332,52.6827,713.608,928,42.51,141.1,30.78,13.62,72.83,0,0
0,2014,269,1006,717.304,866.022,77.5934,23.9,1010,3.797,44.54,10.33,0.434,4.542,725.904,911.365,52.6994,715.374,929,42.38,141.5,30.79,13.62,74.4,0,0
0,2014,269,1007,719.289,869.760,75.5026,23.77,1010,2.771,50.72,13.15,0.579,4.01,727.822,914.959,50.5805,717.700,929,42.25,141.8,30.81,13.64,75.07,0,0
0,2014,269,1008,720.960,868.904,76.5044,23.9,1010,2.998,55.26,11.17,0.373,3.743,729.574,914.154,51.5565,719.510,929,42.12,142.1,30.81,13.64,74.74,0,0
0,2014,269,1009,723.698,872.636,75.1856,23.96,1010,2.478,50.98,18.62,0.278,2.944,732.369,917.928,50.1968,722.611,930,42,142.4,30.83,13.65,73.76,0,0
0,2014,269,1010,725.225,870.946,76.6973,23.98,1010,2.572,54.32,18.44,0.555,3.477,733.912,916.201,51.6858,723.301,931,41.87,142.7,30.84,13.66,73.18,0,0
0,2014,269,1011,725.110,868.063,77.4641,24.13,1010,2.931,57.35,13.18,0.408,3.743,733.87,913.328,52.4532,724.249,931,41.75,143.1,30.84,13.66,73.13,0,0
0,2014,269,1012,729.088,872.405,76.9474,24.12,1010,3.277,64.02,12.91,0.618,4.276,737.874,917.696,51.8777,727.609,931,41.62,143.4,30.86,13.68,72.63,0,0
0,2014,269,1013,729.973,868.999,79.1411,24.05,1010,2.918,51.55,14.22,0.394,3.477,738.708,914.152,54.0590,728.600,932,41.5,143.7,30.88,13.69,73.09,0,0
0,2014,269,1014,732.675,873.969,76.8870,24.03,1010,3.064,62.8,13.02,0.465,3.743,741.419,919.102,51.7651,730.969,932,41.38,144.1,30.88,13.7,73.47,0,0
0,2014,269,1015,735.678,878.688,75.1348,24.14,1010,3.331,49.87,10.11,0.529,4.276,744.506,923.911,49.9674,734.028,932,41.26,144.4,30.9,13.72,73.36,0,0
0,2014,269,1016,735.970,876.294,76.0149,24.16,1010,2.971,55.42,17.05,0.498,4.01,744.798,921.440,50.8433,734.458,933,41.14,144.7,30.91,13.73,73.23,0,0
0,2014,269,1017,737.981,876.061,77.0038,24.14,1010,2.984,40.02,21.41,0.62,4.01,746.800,921.151,51.8026,736.828,933,41.02,145.1,30.91,13.74,72.5,0,0
0,2014,269,1018,739.070,876.214,76.7939,24.07,1010,3.104,47.26,7.818,0.691,4.01,747.842,921.182,51.5774,737.689,934,40.9,145.4,30.91,13.75,72.83,0,0
0,2014,269,1019,739.878,872.356,79.3492,24,1010,2.505,40.56,21.65,0.643,3.743,748.593,917.185,54.1216,737.861,934,40.78,145.7,30.93,13.76,73.42,0,0
0,2014,269,1020,742.969,872.996,80.8063,24.16,1010,2.718,61.39,37.01,0.659,3.743,751.805,917.967,55.5314,741.265,934,40.67,146.1,30.93,13.77,73.54,0,0
0,2014,269,1021,744.228,877.484,77.5192,24.36,1010,3.344,55.81,10.58,0.487,4.276,753.181,922.559,52.2239,742.730,934,40.55,146.4,30.95,13.78,72.6,0,0
0,2014,269,1022,747.907,879.452,78.5660,24.3,1010,2.492,36.23,20.14,0.43,3.211,756.852,924.511,53.2165,746.133,935,40.44,146.7,30.95,13.79,72.36,0,0
0,2014,269,1023,749.185,879.97,78.3217,24.27,1010,2.572,48.39,30.99,0.464,3.477,758.103,924.943,52.9538,747.468,935,40.33,147.1,30.98,13.7,72.71,0,0
0,2014,269,1024,750.449,876.582,81.0602,24.33,1010,2.718,35.24,27.04,0.648,4.276,759.396,921.544,55.6732,748.976,935,40.21,147.4,30.98,13.81,71.99,0,0
0,2014,269,1025,750.489,871.225,84.1043,24.23,1010,2.172,43.36,47.74,0.512,3.211,759.354,916.005,58.7179,749.536,936,40.1,147.8,30.98,13.83,72.41,0,0
0,2014,269,1026,751.949,873.067,83.0850,24.44,1010,2.265,40.55,36.83,0.66,3.477,760.939,917.968,57.6752,750.398,936,39.99,148.1,30.98,13.84,72.38,0,0
0,2014,269,1027,754.483,874.179,83.7053,24.31,1010,2.811,33.84,38.88,0.627,4.276,763.4,918.962,58.2591,752.25,936,39.89,148.5,31,13.85,71.66,0,0
0,2014,269,1028,755.785,871.941,85.6744,24.11,1010,2.785,61.32,21.92,0.529,3.743,764.568,916.501,60.2111,753.758,937,39.78,148.8,31.02,13.87,72.79,0,0
0,2014,269,1029,757.098,871.262,86.4735,24.09,1010,3.078,61.92,24.08,0.722,4.276,765.861,915.753,60.9911,755.998,937,39.67,149.2,31.02,13.89,72.78,0,0
0,2014,269,1030,757.503,871.267,85.8492,24.07,1010,3.797,59.58,9.63,0.878,5.075,766.236,915.659,60.3613,756.041,937,39.57,149.5,31.02,13.89,73.1,0,0
0,2014,269,1031,758.870,871.862,85.7461,23.83,1010,3.424,62.49,19.46,0.617,4.542,767.446,916.005,60.2403,756.816,938,39.46,149.9,31.05,13.83,73.56,0,0
0,2014,269,1032,761.642,877.226,83.3824,23.59,1010,3.064,53.43,23.56,0.399,4.01,770.073,921.168,57.8379,759.487,938,39.36,150.3,31.02,13.81,74.82,0,0
0,2014,269,1033,763.295,876.406,84.6786,23.55,1010,2.505,45.15,28.09,0.632,3.743,771.700,920.282,59.1100,761.038,938,39.26,150.6,31.02,13.81,75.15,0,0
0,2014,269,1034,765.389,877.204,85.1777,23.67,1010,2.478,47.72,29.15,0.589,4.01,773.869,921.155,59.5772,763.020,938,39.16,151,31,13.81,75.12,0,0
0,2014,269,1035,765.528,874.712,86.2854,23.75,1010,2.119,43.04,61.16,0.652,3.477,774.036,918.640,60.6825,763.063,938,39.06,151.3,31,13.81,74.61,0,0
0,2014,269,1036,765.93,870.597,88.9401,23.81,1010,2.185,10.67,31.03,0.35,2.944,774.453,914.491,63.3310,763.752,939,38.96,151.7,30.98,13.81,74.39,0,0
0,2014,269,1037,767.136,873.914,86.6365,24.02,1010,3.024,40.47,20.25,1.011,4.276,775.788,917.937,61.0077,764.183,939,38.86,152.1,30.98,13.84,73.8,0,0
0,2014,269,1038,768.300,877.309,84.234,23.98,1010,2.785,21.88,10.61,0.621,4.01,776.914,921.246,58.5887,765.820,939,38.76,152.4,30.98,13.84,73.38,0,0
0,2014,269,1039,770.676,877.493,85.5536,23.98,1010,2.052,18.6,44.93,0.283,2.412,779.291,921.418,59.8733,767.974,940,38.67,152.8,30.98,13.85,73.98,0,0
0,2014,269,1040,770.351,874.961,86.3097,24.2,1010,2.026,33.24,48.26,0.285,2.678,779.083,918.973,60.6324,767.586,940,38.57,153.2,30.97,13.86,73.09,0,0
0,2014,269,1041,773.118,876.296,87.1487,24.36,1010,2.572,22.94,56.45,0.542,3.743,781.961,920.447,61.4290,770.774,940,38.48,153.6,30.95,13.84,72.41,0,0
0,2014,269,1042,773.645,874.959,87.8519,24.29,1010,2.452,33.87,35.38,0.567,4.542,782.419,918.976,62.1256,770.645,940,38.39,153.9,30.95,13.83,72.23,0,0
0,2014,269,1043,775.758,879.655,85.4355,24.37,1010,4.303,63.88,16.11,0.498,5.075,784.588,923.729,59.6773,773.531,940,38.3,154.3,30.95,13.83,72.32,0,0
0,2014,269,1044,775.730,879.144,84.9611,24.13,1010,2.425,62.45,32.48,0.592,3.477,784.380,922.931,59.2059,773.531,941,38.21,154.7,30.95,13.85,73.05,0,0
0,2014,269,1045,777.423,876.934,87.5585,24.03,1010,2.612,20.85,27.34,0.468,3.477,786.006,920.614,61.7794,774.436,941,38.12,155.1,30.95,13.87,73.31,0,0
0,2014,269,1046,777.054,877.718,85.7511,24.07,1010,2.425,33.22,23.12,0.449,3.477,785.631,921.332,59.9776,774.436,941,38.04,155.4,30.93,13.84,73.86,0,0
0,2014,269,1047,779.500,875.757,88.9374,24.21,1010,2.918,65.13,43.01,0.79,4.276,788.175,919.491,63.1266,777.710,941,37.95,155.8,30.95,13.86,73.54,0,0
0,2014,269,1048,781.049,879.552,86.7018,24.02,1010,3.251,76,24.41,0.528,4.276,789.593,923.096,60.8701,779.218,941,37.87,156.2,30.91,13.85,73.23,0,0
0,2014,269,1049,783.081,879.592,87.9317,23.91,1010,3.224,65.72,21.92,0.717,4.542,791.554,923.034,62.0714,780.467,942,37.79,156.6,30.95,13.87,72.91,0,0
0,2014,269,1050,782.456,879.422,86.6748,23.9,1010,3.237,49.5,24.44,0.799,4.542,790.886,922.750,60.8242,780.165,942,37.7,157,30.93,13.84,73.23,0,0
0,2014,269,1051,783.304,875.559,89.8277,23.9,1010,3.57,69.62,35.82,0.701,5.341,791.720,918.839,63.9649,780.769,942,37.62,157.4,30.91,13.87,73.52,0,0
0,2014,269,1052,783.170,879.552,85.7896,23.63,1010,2.572,57.13,35.99,0.399,3.211,791.387,922.528,59.9317,779.778,943,37.54,157.8,30.91,13.87,73.67,0,0
0,2014,269,1053,785.679,879.236,87.8222,23.43,1010,2.958,49.74,20.77,0.622,4.276,793.764,922.045,61.9295,782.836,943,37.47,158.1,30.9,13.87,74.77,0,0
0,2014,269,1054,787.634,883.489,85.6915,23.56,1010,3.184,62.69,33.04,0.558,4.276,795.808,926.404,59.7690,784.344,943,37.39,158.5,30.88,13.85,75.17,0,0
0,2014,269,1055,787.917,881.759,86.6539,23.48,1010,2.665,42.75,54.33,0.909,4.01,796.016,924.541,60.7283,785.852,944,37.32,158.9,30.84,13.86,74.28,0,0
0,2014,269,1056,788.508,878.504,89.1483,23.5,1010,2.918,65.03,23.42,0.807,4.276,796.600,921.247,63.2142,786.283,944,37.24,159.3,30.84,13.87,74.97,0,0
0,2014,269,1057,788.773,879.155,88.2218,23.5,1010,3.064,47.92,33.63,0.913,5.341,796.851,921.842,62.2841,785.938,944,37.17,159.7,30.81,13.84,74.21,0,0
0,2014,269,1058,788.530,878.640,87.7302,23.53,1010,2.718,77.47,28.84,0.548,4.276,796.600,921.274,61.7961,786.067,944,37.1,160.1,30.78,13.84,74.72,0,0
0,2014,269,1059,790.991,877.881,90.1530,23.65,1010,2.492,68.04,37.64,0.327,2.944,799.145,920.627,64.1818,787.618,944,37.03,160.5,30.78,13.85,74.25,0,0
0,2014,269,1100,791.864,879.314,89.2613,23.74,1010,2.385,50,52.34,0.618,3.477,800.062,922.094,63.2767,789.557,944,36.96,160.9,30.74,13.88,73.61,0,0
0,2014,269,1101,793.165,883.112,86.9063,23.68,1010,2.665,57.15,32.51,0.555,4.01,801.313,925.814,60.9034,790.591,945,36.89,161.3,30.71,13.85,73.25,0,0
0,2014,269,1102,793.436,883.672,86.1216,23.67,1010,4.01,68.78,20.41,0.539,4.809,801.564,926.316,60.1152,790.548,945,36.83,161.7,30.71,13.84,72.98,0,0
0,2014,269,1103,794.913,883.754,86.9388,23.59,1010,4.316,59.52,13.38,0.36,5.075,802.982,926.315,60.9118,791.668,945,36.76,162.1,30.67,13.88,73.26,0,0
0,2014,269,1104,796.528,880.712,90.4112,23.55,1010,3.877,57.67,12.83,0.604,5.075,804.567,923.231,64.3612,792.917,945,36.7,162.5,30.64,13.84,73.48,0,0
0,2014,269,1105,797.329,882.456,89.2555,23.62,1010,2.505,24.46,24.42,0.406,3.477,805.401,924.997,63.1933,793.865,945,36.64,162.9,30.64,13.85,73.79,0,0
0,2014,269,1106,798.276,881.638,90.3145,23.91,1010,2.891,32.47,46.35,0.426,3.743,806.527,924.389,64.2360,794.252,945,36.58,163.3,30.6,13.87,73.58,0,0
0,2014,269,1107,796.679,875.957,92.7452,24.11,1010,3.53,49.77,18.46,0.628,4.542,805.026,918.767,66.6885,793.520,945,36.52,163.7,30.57,13.86,72.64,0,0
0,2014,269,1108,797.252,878.961,90.3798,24.08,1010,3.131,46.84,38.28,0.533,4.276,805.568,921.712,64.3153,794.554,945,36.47,164.2,30.55,13.88,72.72,0,0
0,2014,269,1109,797.556,877.432,91.4053,24.03,1010,2.372,39.76,72.91,0.68,4.01,805.818,920.089,65.3372,793.951,945,36.41,164.6,30.52,13.89,72.93,0,0
0,2014,269,1110,796.556,872.746,93.6855,24.14,1010,2.625,21.32,35.92,0.418,3.743,804.859,915.406,67.6312,793.261,945,36.36,165,30.5,13.9,72.79,0,0
0,2014,269,1111,796.478,867.747,97.1651,24.41,1010,2.838,19.21,49.03,0.681,4.542,804.942,910.580,71.1097,794.726,945,36.3,165.4,30.46,13.87,72.68,0,0
0,2014,269,1112,797.24,866.539,98.4446,24.47,1010,2.678,355.9,45.67,0.526,3.743,805.735,909.397,72.3776,794.812,945,36.25,165.8,30.45,13.9,72.64,0,0
0,2014,269,1113,793.903,854.241,104.584,24.37,1010,2.825,28.18,40.02,0.487,4.01,802.273,896.855,78.5672,790.591,945,36.2,166.2,30.43,13.89,73.08,0,0
0,2014,269,1114,797.743,858.818,104.300,24.13,1010,2.026,36.9,54.6,0.655,3.211,805.985,901.314,78.2294,794.511,945,36.15,166.6,30.41,13.89,74.65,0,0
0,2014,269,1115,794.002,851.677,105.912,24.02,1010,2.958,34.83,40.76,0.655,4.01,802.106,893.906,79.8978,790.978,945,36.11,167,30.4,13.83,75.13,0,0
0,2014,269,1116,794.416,854.041,104.014,23.85,1010,2.811,37.73,54.89,0.644,4.01,802.398,896.100,77.9959,791.754,945,36.06,167.5,30.36,13.87,75.42,0,0
0,2014,269,1117,794.549,849.467,107.472,23.67,1010,2.438,29.97,46.26,0.403,3.211,802.398,891.338,81.4535,791.323,946,36.02,167.9,30.34,13.87,76.24,0,0
0,2014,269,1118,800.256,855.042,108.293,23.61,1010,3.197,39.79,28.15,0.671,4.276,808.112,897.002,82.1918,796.622,946,35.98,168.3,30.31,13.92,76.23,0,0
0,2014,269,1119,798.549,851.846,108.813,23.47,1010,3.331,47.58,46.16,0.58,4.276,806.277,893.593,82.7382,795.329,946,35.93,168.7,30.29,13.88,76.86,0,0
0,2014,269,1120,803.683,858.376,108.310,23.28,1010,3.184,27.66,50.95,0.699,4.276,811.324,900.084,82.1626,800.154,946,35.89,169.1,30.24,13.91,77.63,0,0
0,2014,269,1121,803.089,861.594,104.772,23.14,1010,2.918,32.95,57.21,0.762,4.01,810.615,903.128,78.6340,799.206,946,35.86,169.6,30.22,13.89,78.17,0,0
0,2014,269,1122,803.896,865.179,102.356,23.12,1010,2.412,9.59,50.52,0.552,3.743,811.407,906.690,76.2065,799.637,946,35.82,170,30.17,13.89,78.3,0,0
0,2014,269,1123,802.975,860.798,104.682,23.16,1010,2.785,5.971,58.38,0.449,3.743,810.489,902.279,78.5464,799.422,947,35.79,170.4,30.14,13.9,77.22,0,0
0,2014,269,1124,801.14,858.703,104.250,23.15,1010,2.691,29.93,51.48,0.331,3.211,808.612,900.082,78.1418,797.569,947,35.75,170.8,30.11,13.88,76.98,0,0
0,2014,269,1125,801.566,860.405,103.012,23.02,1010,2.651,19.9,52.57,0.613,4.01,808.946,901.659,76.8989,797.742,947,35.72,171.3,30.07,13.86,77.62,0,0
0,2014,269,1126,804.321,865.142,101.651,22.99,1010,2.532,318.2,28.95,0.465,3.743,811.699,906.427,75.4975,801.403,947,35.69,171.7,30,13.88,77.87,0,0
0,2014,269,1127,802.893,864.520,100.471,23.11,1010,2.532,339,50.89,0.65,4.01,810.323,905.828,74.3380,798.991,947,35.66,172.1,29.95,13.89,77.07,0,0
0,2014,269,1128,804.324,866.994,99.6587,23.21,1010,2.026,11.38,91.6,0.449,2.944,811.824,908.402,73.5038,801.834,947,35.63,172.5,29.92,13.93,76.63,0,0
0,2014,269,1129,807.747,871.602,99.1043,23.29,1010,2.385,345.8,47.74,0.221,2.944,815.328,913.158,72.8990,803.385,947,35.61,173,29.89,13.9,75.61,0,0
0,2014,269,1130,806.064,870.350,98.2218,23.41,1010,1.906,31.16,54.69,0.476,3.211,813.701,911.933,72.0398,802.179,948,35.58,173.4,29.83,13.86,75.03,0,0
0,2014,269,1131,804.056,865.149,100.241,23.47,1010,2.492,36.17,59.63,0.786,4.01,811.699,906.692,74.0877,800.671,948,35.56,173.8,29.8,13.89,74.87,0,0
0,2014,269,1132,807.947,869.814,100.147,23.46,1010,2.119,14.55,50.55,0.583,3.211,815.620,911.451,73.9376,804.721,948,35.54,174.2,29.75,13.85,74.86,0,0
0,2014,269,1133,808.433,872.174,98.5353,23.43,1010,2.811,13.79,52.41,0.48,3.477,816.078,913.777,72.3192,804.807,948,35.52,174.7,29.73,13.93,74.39,0,0
0,2014,269,1134,806.797,872.198,96.7299,23.35,1010,2.718,10.58,33.78,0.755,3.743,814.368,913.67,70.5383,803.514,948,35.5,175.1,29.68,13.91,74.78,0,0
0,2014,269,1135,807.149,870.141,98.6073,23.33,1010,2.119,42.65,49.63,0.635,3.211,814.702,911.587,72.4110,804.505,948,35.48,175.5,29.65,13.88,75.16,0,0
0,2014,269,1136,809.525,877.524,94.8347,23.43,1010,1.746,343.1,63.31,0.372,2.678,817.163,919.111,68.6030,806.056,948,35.47,176,29.62,13.93,75.01,0,0
0,2014,269,1137,810.627,879.713,94.0309,23.64,1010,2.425,51.52,52.95,0.457,2.944,818.414,921.498,67.7813,808.081,948,35.45,176.4,29.6,13.89,73.92,0,0
0,2014,269,1138,809.572,878.815,93.5983,23.62,1010,2.785,48.89,47.64,0.472,3.743,817.330,920.538,67.3642,806.745,948,35.44,176.8,29.58,13.88,73.84,0,0
0,2014,269,1139,810.468,878.566,94.6089,23.71,1010,3.104,23.21,35.96,0.676,4.809,818.289,920.379,68.3611,806.745,948,35.43,177.3,29.57,13.94,73.57,0,0
0,2014,269,1140,809.381,880.336,92.0056,23.98,1010,2.785,34.52,28.87,0.796,4.01,817.371,922.335,65.7709,806.487,948,35.42,177.7,29.55,13.92,72.75,0,0
0,2014,269,1141,809.942,880.240,92.5770,24.01,1010,2.252,24.95,38.36,0.479,3.477,817.955,922.273,66.3340,807.004,948,35.42,178.1,29.55,13.91,71.12,0,0
0,2014,269,1142,810.181,884.138,89.5853,23.96,1010,3.384,41.97,39.86,0.654,4.542,818.164,926.135,63.3393,806.745,949,35.41,178.5,29.52,13.89,70.5,0,0
0,2014,269,1143,810.298,881.294,91.98,23.85,1010,2.199,7.359,57.08,0.299,2.678,818.206,923.197,65.7334,806.530,949,35.41,179,29.5,13.92,70.93,0,0
0,2014,269,1144,812.618,886.583,89.9631,24.03,1010,2.265,22.87,41.08,0.465,3.211,820.666,928.701,63.6813,808.856,949,35.4,179.4,29.48,13.88,70.9,0,0
0,2014,269,1145,811.530,886.670,88.8054,24.11,1010,1.986,41.58,58.29,0.331,2.678,819.624,928.825,62.5385,808.21,949,35.4,179.8,29.48,13.94,69.69,0,0
0,2014,269,1146,813.674,889.394,88.7309,23.99,1010,2.292,359,40.53,0.32,2.944,821.709,931.514,62.4342,809.545,949,35.4,180.3,29.47,13.93,69.55,0,0
0,2014,269,1147,814.163,891.275,87.7030,23.93,1010,2.145,11.27,62.19,0.395,2.678,822.168,933.366,61.3998,810.062,949,35.4,180.7,29.45,13.97,69.28,0,0
0,2014,269,1148,812.625,890.244,87.0352,24.01,1010,2.904,36.72,22.14,0.493,3.743,820.666,932.356,60.7534,809.287,949,35.41,181.1,29.45,13.91,69.65,0,0
0,2014,269,1149,813.053,891.479,86.5000,24.11,1010,2.625,40.25,63.4,0.599,4.276,821.167,933.692,60.2111,809.115,949,35.41,181.6,29.45,13.92,68.24,0,0
0,2014,269,1150,813.056,890.380,87.4641,24.16,1010,2.066,20,40.67,0.446,2.944,821.209,932.645,61.1746,809.201,949,35.42,182,29.42,13.91,68.02,0,0
0,2014,269,1151,813.058,892.305,85.9763,24.28,1010,2.345,15.2,31.34,0.445,3.211,821.292,934.675,59.6856,808.985,949,35.43,182.4,29.42,13.94,67.53,0,0
0,2014,269,1152,812.938,888.393,89.1301,24.51,1010,1.826,24.23,40.67,0.353,2.412,821.334,930.967,62.8388,810.192,949,35.44,182.9,29.42,13.88,66.67,0,0
0,2014,269,1153,811.651,887.365,88.7797,24.7,1010,2.532,31.13,38.32,0.516,4.01,820.166,930.072,62.5051,808.684,949,35.45,183.3,29.42,13.92,66.15,0,0
0,2014,269,1154,812.937,892.614,85.9047,24.81,1010,2.305,19.11,51.13,0.371,2.944,821.542,935.462,59.6105,811.355,949,35.46,183.7,29.42,13.92,66.29,0,0
0,2014,269,1155,811.489,889.208,87.3587,24.62,1010,1.892,13.85,39.19,0.425,2.944,819.957,931.868,61.0870,809.072,949,35.48,184.1,29.42,13.92,66.5,0,0
0,2014,269,1156,808.508,888.032,85.4858,24.44,1010,2.305,53.29,50.94,0.913,4.01,816.829,930.462,59.2601,809.804,949,35.49,184.6,29.42,13.94,67.67,0,0
0,2014,269,1157,813.999,894.100,86.1991,24.3,1010,1.986,24.44,17.7,0.649,2.944,822.293,936.605,59.8941,809.675,949,35.51,185,29.42,13.88,67.12,0,0
0,2014,269,1158,813.417,896.041,84.2091,24.24,1010,2.398,35.42,31.46,0.408,3.211,821.667,938.491,57.9130,810.536,949,35.53,185.4,29.43,13.88,68.46,0,0
0,2014,269,1159,811.696,892.669,85.4168,24.45,1010,2.319,23.63,45.37,0.463,3.211,820.082,935.269,59.1433,807.822,949,35.55,185.9,29.45,13.89,67.95,0,0
0,2014,269,1200,812.641,894.323,85.2149,24.57,1010,1.852,44.3,39.21,0.461,2.944,821.125,937.074,58.9265,808.813,949,35.57,186.3,29.45,13.9,66.98,0,0
0,2014,269,1201,812.604,892.406,86.9505,24.67,1010,1.813,10.18,38.66,0.366,2.678,821.167,935.268,60.6615,809.459,949,35.6,186.7,29.47,13.9,66.49,0,0
0,2014,269,1202,812.096,895.200,84.4128,24.8,1010,2.398,36.06,28.38,0.633,3.477,820.750,938.179,58.1298,809.675,949,35.62,187.1,29.48,13.94,65.94,0,0
0,2014,269,1203,811.149,894.477,84.2943,24.72,1010,1.959,28.14,48.87,0.492,2.944,819.749,937.387,58.0256,807.908,949,35.65,187.6,29.48,13.96,66.07,0,0
0,2014,269,1204,808.867,888.143,87.4134,24.6,1010,2.012,5.922,42.07,0.555,3.477,817.371,930.908,61.1787,806.530,949,35.68,188,29.5,13.92,66.66,0,0
0,2014,269,1205,809.239,891.017,85.7190,24.77,1010,2.119,30.11,51.34,0.412,2.944,817.872,933.966,59.4771,806.659,948,35.71,188.4,29.52,13.94,66.69,0,0
0,2014,269,1206,809.837,894.530,83.7479,24.91,1010,2.172,39.69,51.48,0.589,3.211,818.581,937.645,57.4959,807.693,948,35.74,188.8,29.55,13.89,65.26,0,0
0,2014,269,1207,809.679,893.944,84.3711,24.88,1010,2.811,26.98,30.7,0.536,3.743,818.414,937.063,58.1215,807.305,949,35.77,189.3,29.55,13.89,65.3,0,0
0,2014,269,1208,811.099,896.845,83.7574,24.83,1010,1.799,17.11,43.5,0.387,2.678,819.832,940.005,57.4875,807.908,948,35.81,189.7,29.57,13.89,65.2,0,0
0,2014,269,1209,809.911,897.467,82.3923,24.74,1010,2.026,4.57,50.42,0.449,3.211,818.581,940.546,56.1403,806.918,949,35.84,190.1,29.58,13.93,65.5,0,0
0,2014,269,1210,808.243,896.465,81.8762,24.74,1010,3.331,53.94,42.96,0.61,4.542,816.913,939.535,55.6481,805.151,949,35.88,190.5,29.6,13.9,64.02,0,0
0,2014,269,1211,808.417,895.652,83.0638,24.34,1010,2.785,31.54,44.95,0.351,3.477,816.829,938.423,56.8369,805.281,950,35.92,191,29.62,13.93,63.81,0,0
0,2014,269,1212,808.320,897.017,82.2308,24.15,1010,2.572,30.49,32.07,0.297,3.211,816.621,939.669,56.0069,805.194,950,35.96,191.4,29.62,13.97,64.52,0,0
0,2014,269,1213,808.370,897.064,82.6377,24.3,1010,3.038,30.35,38.27,0.615,4.542,816.788,939.887,56.4114,805.625,949,36,191.8,29.62,13.93,65.81,0,0
0,2014,269,1214,808.497,896.153,83.8992,24.7,1010,2.651,32.94,49.98,1.028,4.276,817.205,939.365,57.6668,806.185,948,36.04,192.2,29.62,13.95,64.6,0,0
0,2014,269,1215,807.789,899.277,81.0772,24.63,1010,2.345,37.53,61.16,0.57,3.477,816.454,942.448,54.8557,805.237,949,36.09,192.6,29.65,13.94,63.85,0,0
0,2014,269,1216,807.608,899.595,81.0659,24.56,1010,3.73,16.37,44.83,0.627,4.809,816.245,942.754,54.8473,805.539,949,36.13,193.1,29.65,13.89,63.97,0,0
0,2014,269,1217,806.545,897.442,82.1806,24.53,1010,2.691,20.07,32,0.425,3.477,815.161,940.581,55.9776,804.290,949,36.18,193.5,29.65,13.93,64.53,0,0
0,2014,269,1218,805.784,896.618,82.5381,24.65,1010,2.212,34.15,74.37,0.662,4.01,814.494,939.889,56.3447,803.557,948,36.23,193.9,29.65,13.92,64.54,0,0
0,2014,269,1219,805.523,893.885,84.9613,24.58,1010,3.357,18.66,46.63,0.806,4.542,814.202,937.140,58.7721,802.997,948,36.28,194.3,29.67,13.92,64.71,0,0
0,2014,269,1220,804.529,895.025,83.5276,24.44,1010,2.478,349.8,59.95,0.504,3.477,813.117,938.178,57.3541,801.533,948,36.34,194.7,29.67,13.93,65.13,0,0
0,2014,269,1221,802.776,892.862,84.0106,24.38,1010,3.064,16.03,75.4,0.832,4.809,811.324,935.961,57.8629,799.723,948,36.39,195.1,29.68,13.89,65.17,0,0
0,2014,269,1222,802.003,892.670,83.8991,24.33,1010,3.49,4.88,79.06,0.61,4.276,810.531,935.761,57.7628,799.508,948,36.44,195.5,29.68,13.96,64.61,0,0
0,2014,269,1223,801.937,892.596,84.4133,24.09,1010,2.811,337.8,53.3,0.671,4.276,810.323,935.538,58.2800,799.982,948,36.5,195.9,29.67,13.89,64.78,0,0
0,2014,269,1224,801.321,893.634,83.5070,23.99,1010,3.038,348,55.23,0.691,4.542,809.655,936.531,57.3833,798.259,948,36.56,196.4,29.65,13.93,65.34,0,0
0,2014,269,1225,801.126,894.918,82.8366,23.94,1010,2.771,348.6,69.84,0.665,4.809,809.447,937.829,56.7159,799.077,948,36.62,196.8,29.65,13.89,65.65,0,0
0,2014,269,1226,799.024,889.532,85.6170,23.91,1010,2.758,2.946,45.66,0.71,4.01,807.320,932.407,59.5271,796.923,948,36.68,197.2,29.63,13.91,66.24,0,0
0,2014,269,1227,799.080,889.413,86.3440,23.92,1010,3.184,16.19,59.04,0.985,5.341,807.403,932.357,60.2529,795.545,947,36.74,197.6,29.62,13.89,66.45,0,0
0,2014,269,1228,799.992,891.717,85.9980,23.81,1010,2.944,331.7,75.15,0.679,4.809,808.279,934.668,59.8942,797.440,947,36.8,198,29.62,13.94,66.62,0,0
0,2014,269,1229,797.719,890.239,85.5125,23.6,1010,2.825,7.549,44.24,0.562,4.542,805.860,932.999,59.4437,794.683,947,36.87,198.4,29.6,13.96,66.32,0,0
0,2014,269,1230,797.510,890.993,85.3289,23.44,1010,2.838,350.4,79.47,0.58,4.01,805.568,933.683,59.2643,794.726,948,36.94,198.8,29.58,13.9,66.44,0,0
0,2014,269,1231,795.532,890.548,84.3382,23.6,1010,2.092,352.4,96.2,0.434,3.211,803.691,933.368,58.3008,792.917,947,37,199.2,29.57,13.91,66.62,0,0
0,2014,269,1232,796.17,892.261,84.2526,23.66,1010,2.438,333.8,51.25,0.539,3.743,804.4,935.222,58.2049,792.702,947,37.07,199.6,29.55,13.94,66.47,0,0
0,2014,269,1233,794.096,890.852,83.9607,23.77,1010,3.304,49.19,42.24,0.791,4.542,802.398,933.906,57.9422,791.797,947,37.14,200,29.55,13.94,66.6,0,0
0,2014,269,1234,793.843,887.254,87.2443,23.8,1010,2.811,57.6,56.58,0.66,4.276,802.189,930.401,61.2288,791.625,946,37.21,200.4,29.52,13.92,66.98,0,0
0,2014,269,1235,792.303,890.973,83.4359,23.92,1010,2.518,12.57,37.79,0.548,3.477,800.730,934.236,57.4416,789.083,946,37.29,200.8,29.52,13.97,66.57,0,0
0,2014,269,1236,791.387,890.635,83.4947,24.02,1010,4.023,31.3,20.75,0.881,5.608,799.895,934.029,57.5125,788.867,946,37.36,201.2,29.48,13.94,65.68,0,0
0,2014,269,1237,791.880,889.408,85.6750,23.98,1010,3.677,36.3,29.15,0.743,5.341,800.396,932.864,59.6856,789.126,946,37.44,201.6,29.48,13.97,65.54,0,0
0,2014,269,1238,791.269,894.850,81.4735,23.87,1010,3.703,59.8,49.39,0.939,5.608,799.729,938.267,55.4938,787.920,946,37.51,201.9,29.48,13.97,66.4,0,0
0,2014,269,1239,790.534,893.189,82.7967,23.76,1010,4.076,34.13,43.69,0.867,6.14,798.936,936.566,56.8285,788.394,945,37.59,202.3,29.48,13.9,66.65,0,0
0,2014,269,1240,788.649,895.079,80.1721,23.9,1010,4.05,26.86,17.43,1.015,5.874,797.143,938.585,54.2300,787.273,945,37.67,202.7,29.48,13.96,67.03,0,0
0,2014,269,1241,788.260,895.086,80.5551,23.95,1010,3.371,10.22,39.64,0.746,4.809,796.809,938.704,54.6179,785.335,945,37.75,203.1,29.47,13.98,67.22,0,0
0,2014,269,1242,788.320,896.600,80.2107,24.01,1010,3.237,353.5,49.28,0.934,5.608,796.934,940.351,54.2717,786.843,944,37.84,203.5,29.45,13.94,66.78,0,0
0,2014,269,1243,787.600,894.153,82.2209,23.75,1010,3.291,359.4,66.18,0.52,4.01,796.058,937.739,56.2946,785.249,945,37.92,203.9,29.45,13.94,65.97,0,0
0,2014,269,1244,786.917,893.876,82.5674,23.49,1010,2.745,43.54,63.73,0.476,4.276,795.224,937.306,56.6534,784.430,945,38,204.3,29.43,13.94,66.24,0,0
0,2014,269,1245,785.739,897.071,79.7004,23.36,1010,3.57,21.2,59.22,0.809,5.341,793.973,940.434,53.8047,782.879,945,38.09,204.6,29.43,13.92,66.57,0,0
0,2014,269,1246,785.146,896.562,80.3502,23.28,1010,2.758,33.33,63.94,0.578,3.743,793.347,939.925,54.4636,782.966,945,38.18,205,29.42,13.91,67.09,0,0
0,2014,269,1247,783.196,895.161,80.3668,23.2,1010,3.397,22.64,56.57,0.596,4.809,791.345,938.474,54.5095,780.984,944,38.27,205.4,29.42,13.91,68.67,0,0
0,2014,269,1248,782.103,893.959,81.0837,23.06,1010,3.304,7.821,55.6,0.745,5.874,790.177,937.207,55.2435,779.605,943,38.36,205.8,29.38,13.93,69.67,0,0
0,2014,269,1249,782.063,897.613,79.0615,23.15,1010,3.184,349.3,69.18,0.829,5.075,790.219,941.021,53.2207,779.692,943,38.45,206.1,29.35,13.93,69.73,0,0
0,2014,269,1250,780.461,897.457,78.4770,23.36,1010,3.504,16.47,61.62,0.82,5.874,788.759,941.075,52.6576,778.141,943,38.54,206.5,29.35,13.91,70,0,0
0,2014,269,1251,779.666,895.034,80.4835,23.27,1010,3.49,12.44,49.12,0.774,5.075,787.925,938.644,54.6763,777.839,942,38.63,206.9,29.32,13.95,70.1,0,0
0,2014,269,1252,778.889,896.223,79.7092,23.29,1010,3.051,36.69,41.49,0.615,4.01,787.174,939.909,53.9130,776.547,942,38.73,207.3,29.28,13.9,71.19,0,0
0,2014,269,1253,776.444,893.088,80.6510,23.46,1010,3.53,20.92,36.07,0.713,4.809,784.838,936.930,54.8890,775.685,941,38.82,207.6,29.28,13.95,70.55,0,0
0,2014,269,1254,775.297,894.855,79.0745,23.47,1010,3.011,25.73,50.18,0.49,4.01,783.712,938.761,53.3291,773.876,941,38.92,208,29.27,13.91,70.33,0,0
0,2014,269,1255,774.814,896.892,77.9708,23.48,1010,3.597,4.666,36.91,0.746,5.341,783.254,940.882,52.2322,772.282,941,39.02,208.4,29.25,13.91,69.61,0,0
0,2014,269,1256,773.025,895.487,78.2477,23.34,1010,2.944,351.4,41.83,0.795,5.341,781.377,939.390,52.5367,772.023,941,39.12,208.7,29.23,13.94,69.99,0,0
0,2014,269,1257,773.938,899.324,77.1780,23.42,1010,3.011,20.93,79.04,0.978,5.341,782.378,943.421,51.4522,772.411,940,39.22,209.1,29.22,13.91,69.88,0,0
0,2014,269,1258,773.005,899.707,76.9684,23.42,1010,3.251,39.23,39.22,0.711,5.075,781.46,943.871,51.2562,770.731,940,39.32,209.4,29.22,13.95,70.04,0,0
0,2014,269,1259,771.513,898.000,77.8164,23.66,1010,3.757,13.05,49.85,0.869,6.14,780.125,942.409,52.1238,770.128,940,39.42,209.8,29.2,13.94,69.87,0,0
0,2014,269,1300,770.607,901.521,75.2246,23.55,1010,3.277,42.67,62.88,0.684,4.809,779.166,945.908,49.5461,769.266,939,39.53,210.2,29.18,13.96,69.64,0,0
0,2014,269,1301,771.371,907.451,72.4733,23.35,1010,3.597,42.24,54.57,0.756,5.608,779.833,951.792,46.7850,769.309,939,39.63,210.5,29.18,13.91,69.75,0,0
0,2014,269,1302,769.714,904.978,73.7870,23.26,1010,3.717,32.77,62.84,0.564,4.809,778.123,949.286,48.1238,768.103,939,39.74,210.9,29.17,13.97,69.91,0,0
0,2014,269,1303,768.118,902.318,75.3153,23.27,1010,3.224,13.79,69.81,0.814,4.542,776.538,946.678,49.6754,767.026,939,39.84,211.2,29.15,13.93,70.41,0,0
0,2014,269,1304,767.243,901.635,76.0698,23.24,1010,3.144,17.2,56.57,0.776,4.542,775.662,946.048,50.4429,764.958,938,39.95,211.6,29.15,13.92,70.03,0,0
0,2014,269,1305,765.514,902.655,74.6634,23.2,1010,3.85,34.84,51.22,0.873,5.874,773.911,947.076,49.0623,763.364,939,40.06,211.9,29.15,13.91,69.3,0,0
0,2014,269,1306,763.564,903.029,73.5453,23.12,1010,4.343,44.28,43.81,0.858,6.14,771.909,947.415,47.9737,761.943,938,40.17,212.3,29.15,13.92,70.01,0,0
0,2014,269,1307,763.259,905.094,72.7973,22.98,1010,3.89,55.66,43.66,0.61,5.075,771.533,949.453,47.2312,760.823,938,40.28,212.6,29.13,13.94,70.48,0,0
0,2014,269,1308,757.886,897.652,74.2398,22.97,1010,3.85,49.86,38.39,0.801,5.608,766.111,941.917,48.7537,757.075,937,40.4,213,29.12,13.94,71.23,0,0
0,2014,269,1309,757.525,898.052,74.7360,23.05,1010,3.477,353.2,64.48,0.668,5.075,765.819,942.476,49.2542,756.127,937,40.51,213.3,29.12,13.95,71.66,0,0
0,2014,269,1310,756.979,897.576,75.7219,23.16,1010,3.277,40.71,53.56,0.589,4.542,765.360,942.183,50.2468,754.533,936,40.62,213.7,29.08,13.91,70.99,0,0
0,2014,269,1311,755.145,899.761,73.4104,23.29,1010,3.73,24.9,37.16,0.568,4.809,763.609,944.519,47.9612,753.585,936,40.74,214,29.08,13.96,70.9,0,0
0,2014,269,1312,753.303,899.844,72.6992,23.31,1010,3.53,8.87,55.11,0.634,5.075,761.773,944.654,47.2772,752.164,936,40.86,214.3,29.08,13.95,69.06,0,0
0,2014,269,1313,751.751,896.336,75.0026,23.18,1010,3.437,347.4,58.43,0.769,5.075,760.147,941.095,49.6045,750.785,936,40.97,214.7,29.08,13.95,68.98,0,0
0,2014,269,1314,751.225,897.179,75.0571,23.13,1010,3.69,355.6,76.14,0.708,4.809,759.604,941.987,49.6671,750.312,936,41.09,215,29.07,13.92,69.74,0,0
0,2014,269,1315,748.447,896.564,73.9876,23.33,1010,3.943,1.731,50.18,1.028,5.874,756.935,941.545,48.6369,747.511,935,41.21,215.3,29.05,13.92,69.95,0,0
0,2014,269,1316,746.700,891.977,76.9272,23.33,1010,3.81,16.9,47.27,0.922,5.341,755.183,937.001,51.6024,745.530,935,41.33,215.7,29.05,13.95,69.21,0,0
0,2014,269,1317,744.418,890.894,76.7063,23.39,1010,3.65,12.74,65.36,0.856,6.407,752.931,935.997,51.4147,743.634,934,41.45,216,29.05,13.94,69.51,0,0
0,2014,269,1318,743.654,893.599,75.1770,23.4,1010,3.357,0.165,66.59,0.783,4.276,752.180,938.791,49.8965,742.730,934,41.58,216.3,29.03,13.94,68.63,0,0
0,2014,269,1319,742.581,896.862,72.9457,23.3,1010,4.036,22.13,38.76,0.93,6.14,751.054,942.047,47.6817,741.265,934,41.7,216.7,29.02,13.96,69.34,0,0
0,2014,269,1320,740.698,894.589,74.0596,23.18,1010,3.837,3.93,51.34,0.665,5.075,749.094,939.719,48.8246,739.929,933,41.82,217,29.03,13.92,70.02,0,0
0,2014,269,1321,739.299,892.145,75.7905,23.15,1010,3.184,315.5,55.19,0.583,4.809,747.676,937.310,50.5763,737.948,933,41.95,217.3,29.02,13.94,70.53,0,0
0,2014,269,1322,737.767,891.947,75.7176,23.14,1010,3.051,357.9,65.95,0.441,3.743,746.132,937.157,50.5263,735.578,932,42.08,217.6,29.02,13.94,70.77,0,0
0,2014,269,1323,736.305,893.369,74.5289,23.21,1010,3.158,359.2,53.79,0.628,4.809,744.714,938.700,49.3584,734.372,932,42.2,217.9,29.02,13.93,71.33,0,0
0,2014,269,1324,733.983,888.389,77.2306,23.21,1010,3.49,36.06,45.7,0.529,4.542,742.379,933.748,52.0945,732.304,931,42.33,218.3,29.02,13.96,71.48,0,0
0,2014,269,1325,731.438,891.308,73.8779,23.31,1010,3.038,5.896,62.76,0.67,5.075,739.876,936.768,48.7787,730.021,931,42.46,218.6,29.02,13.96,71.52,0,0
0,2014,269,1326,729.890,890.899,74.0018,23.39,1010,3.171,6.948,55,0.946,5.075,738.375,936.486,48.9247,728.126,931,42.59,218.9,29.02,13.92,69.27,0,0
0,2014,269,1327,727.791,887.985,75.4261,23.37,1010,3.597,27.38,29.28,0.627,4.542,736.247,933.588,50.3803,726.403,931,42.72,219.2,29.02,13.96,69.64,0,0
0,2014,269,1328,725.117,885.909,75.6574,23.34,1010,3.65,20.44,46.86,1.099,6.14,733.536,931.504,50.6514,724.938,930,42.85,219.5,29.02,13.95,70.02,0,0
0,2014,269,1329,724.198,886.587,75.6356,23.34,1010,3.397,30.89,50.91,0.763,4.809,732.619,932.262,50.6431,722.439,929,42.99,219.8,29.02,13.93,70.06,0,0
0,2014,269,1330,720.988,886.655,73.7831,23.45,1010,3.917,28.35,21.58,0.791,5.341,729.449,932.422,48.8371,721.018,929,43.12,220.1,29.02,13.96,70.19,0,0
0,2014,269,1331,719.859,889.604,71.9284,23.6,1010,3.61,8.13,28.92,0.819,5.341,728.406,935.568,46.9977,719.036,929,43.25,220.5,29.02,13.95,68.68,0,0
0,2014,269,1332,718.268,884.257,75.6763,23.7,1010,3.956,25.62,27.01,0.793,5.608,726.863,930.361,50.7682,717.097,928,43.39,220.8,29.02,13.95,68.4,0,0
0,2014,269,1333,715.839,885.719,73.6257,23.68,1010,4.036,32.13,38.73,0.771,5.874,724.402,931.832,48.7537,714.426,928,43.52,221.1,29.05,13.94,68.98,0,0
0,2014,269,1334,713.930,879.303,77.8144,23.69,1010,3.85,31.82,57.37,0.909,6.14,722.484,925.468,52.9704,712.703,927,43.66,221.4,29.07,13.95,68.56,0,0
0,2014,269,1335,711.013,880.984,75.1411,23.38,1010,4.263,43.76,59.65,0.644,5.874,719.355,926.899,50.3428,710.851,927,43.8,221.7,29.08,13.92,68.96,0,0
0,2014,269,1336,708.843,878.751,76.0502,23.2,1010,3.144,1.817,29.67,0.837,4.809,717.061,924.554,51.2854,708.438,927,43.94,222,29.08,13.92,70.94,0,0
0,2014,269,1337,708.102,880.792,75.3320,23.4,1010,3.384,6.513,50.09,0.648,4.809,716.436,926.850,50.5763,707.189,926,44.08,222.3,29.1,13.96,70.42,0,0
0,2014,269,1338,705.291,879.166,75.1906,23.41,1010,3.384,5.347,47.61,0.716,5.075,713.599,925.242,50.4762,704.475,925,44.22,222.6,29.12,13.93,70.21,0,0
0,2014,269,1339,704.35,879.936,75.2064,23.46,1010,3.184,6.637,66.13,0.63,4.542,712.682,926.136,50.5054,703.915,925,44.36,222.9,29.12,13.93,70.15,0,0
0,2014,269,1340,703.094,878.992,76.1428,23.41,1010,3.544,29.13,48.53,0.767,4.809,711.389,925.226,51.4606,701.675,924,44.5,223.2,29.13,13.97,70.08,0,0
0,2014,269,1341,700.840,880.577,74.2903,23.31,1010,3.157,10.01,51.51,0.537,4.01,709.053,926.761,49.6421,700.167,924,44.64,223.4,29.15,13.96,70.93,0,0
0,2014,269,1342,699.736,879.908,75.2047,23.37,1010,3.504,15.82,64.67,1.038,5.874,707.969,926.213,50.5721,698.013,923,44.78,223.7,29.15,13.94,70.85,0,0
0,2014,269,1343,697.068,877.159,76.0532,23.27,1010,4.343,27.55,40.06,0.694,5.874,705.216,923.403,51.4606,696.764,923,44.93,224,29.15,13.92,70.22,0,0
0,2014,269,1344,695.564,877.541,75.8431,23.23,1010,3.264,353.8,61.52,0.622,4.276,703.673,923.815,51.2729,694.179,923,45.07,224.3,29.15,13.92,70.66,0,0
0,2014,269,1345,693.232,879.020,74.0457,23.35,1010,3.703,30.05,53.61,0.954,5.608,701.379,925.42,49.5086,692.370,922,45.22,224.6,29.17,13.94,70.16,0,0
0,2014,269,1346,691.206,879.692,73.1385,23.14,1010,3.264,35.76,49.61,0.503,4.542,699.210,925.963,48.6327,690.087,922,45.36,224.9,29.17,13.92,70.46,0,0
0,2014,269,1347,689.090,878.731,73.2997,23.17,1010,3.557,8.31,53.41,0.608,4.542,697.083,925.063,48.8246,687.803,921,45.51,225.2,29.18,13.95,70.36,0,0
0,2014,269,1348,687.474,877.276,74.3148,23.19,1010,3.917,24.01,41.94,0.591,5.075,695.456,923.681,49.8631,686.468,921,45.66,225.5,29.18,13.94,70.48,0,0
0,2014,269,1349,684.845,874.551,75.2231,23.18,1010,3.411,36.55,66.73,0.771,5.341,692.787,920.966,50.8099,683.194,920,45.81,225.7,29.18,13.96,70.71,0,0
0,2014,269,1350,681.574,871.510,75.6978,23.29,1010,3.317,12.31,66.05,0.494,4.542,689.533,918.009,51.3312,680.997,919,45.96,226,29.18,13.99,70.31,0,0
0,2014,269,1351,680.390,871.254,76.3264,23.2,1010,3.384,354,52.63,0.843,5.075,688.282,917.755,51.9778,679.834,919,46.11,226.3,29.18,13.93,70.37,0,0
0,2014,269,1352,679.391,876.543,73.3174,23.23,1010,3.317,356.9,59.18,0.548,4.276,687.281,923.147,48.9831,678.369,918,46.26,226.6,29.18,13.92,69.79,0,0
0,2014,269,1353,676.465,872.391,74.9225,23.24,1010,3.464,6.776,42.49,0.604,4.809,684.320,919.012,50.6306,675.397,918,46.41,226.8,29.18,13.92,69.85,0,0
0,2014,269,1354,673.767,871.702,74.3828,23.21,1010,3.624,5.945,38.34,0.783,5.341,681.567,918.317,50.1301,673.113,917,46.56,227.1,29.18,13.96,69.62,0,0
0,2014,269,1355,672.450,871.544,74.8637,23.15,1010,3.597,336.9,81.4,0.788,4.809,680.191,918.176,50.6306,671.347,917,46.71,227.4,29.18,13.97,69.68,0,0
0,2014,269,1356,670.572,871.963,74.3936,23.06,1010,4.023,21.41,47.75,0.502,5.075,678.230,918.565,50.1885,668.719,917,46.86,227.7,29.18,13.94,69.91,0,0
0,2014,269,1357,667.893,870.431,74.4636,23.08,1010,3.517,20.9,35.31,0.615,4.809,675.519,917.064,50.2969,666.781,916,47.02,227.9,29.18,13.92,70.26,0,0
0,2014,269,1358,665.820,869.217,74.9309,23.19,1010,3.837,26.41,57.58,0.75,5.341,673.475,915.986,50.7932,664.411,915,47.17,228.2,29.18,13.96,69.33,0,0
0,2014,269,1359,663.106,868.771,74.2461,23.28,1010,3.277,8.75,45.42,0.668,4.542,670.764,915.624,50.1467,661.137,915,47.33,228.5,29.17,13.95,68.96,0,0
0,2014,269,1400,661.151,868.543,74.1969,23.26,1010,3.251,22.78,43.27,0.62,4.542,668.762,915.425,50.1259,660.190,914,47.48,228.7,29.17,13.93,68.54,0,0
0,2014,269,1401,659.358,869.379,73.5877,23.32,1010,3.597,0.399,58.89,0.751,5.075,666.969,916.362,49.5420,657.949,914,47.64,229,29.18,13.94,68.42,0,0
0,2014,269,1402,657.379,866.617,75.2231,23.27,1010,4.103,43.11,42.83,0.908,5.608,664.925,913.603,51.2061,656.140,913,47.8,229.3,29.18,13.95,68.03,0,0
0,2014,269,1403,655.053,867.962,73.7585,23.18,1010,4.036,31.96,44.02,0.846,5.608,662.506,914.901,49.7755,654.159,913,47.95,229.5,29.18,13.95,68.11,0,0
0,2014,269,1404,653.256,868.857,73.1441,23.1,1010,3.797,2.537,36.71,1.03,6.939,660.629,915.780,49.1874,651.315,912,48.11,229.8,29.17,13.94,68.29,0,0
0,2014,269,1405,650.873,867.484,73.4736,23.19,1010,4.516,31.08,43.26,0.734,5.874,658.252,914.512,49.5503,649.549,912,48.27,230,29.18,13.94,68.12,0,0
0,2014,269,1406,649.308,867.549,73.6719,23.15,1010,4.17,28.21,36.88,0.805,6.407,656.625,914.597,49.7713,647.266,911,48.43,230.3,29.18,13.96,67.91,0,0
0,2014,269,1407,646.286,867.202,72.6903,23.13,1010,3.557,34.91,56.41,0.758,5.341,653.539,914.236,48.8329,644.983,911,48.59,230.6,29.18,13.97,68.06,0,0
0,2014,269,1408,644.798,867.624,72.7481,23.09,1010,3.597,39.98,48.72,0.48,4.276,651.995,914.691,48.9121,643.087,910,48.75,230.8,29.18,13.93,67.68,0,0
0,2014,269,1409,642.525,865.692,73.5795,23.14,1010,3.251,20.94,37.04,0.534,4.01,649.701,912.830,49.7755,640.718,909,48.91,231.1,29.18,13.95,68,0,0
0,2014,269,1410,640.153,866.204,72.7135,23.38,1010,3.158,36.35,48.8,0.955,5.608,647.407,913.566,48.9414,638.305,908,49.07,231.3,29.18,13.95,67.47,0,0
0,2014,269,1411,637.274,863.587,73.4036,23.49,1010,4.969,45.18,28.08,0.848,6.673,644.529,911.045,49.6713,635.376,908,49.24,231.6,29.17,13.94,66.01,0,0
0,2014,269,1412,635.541,866.523,71.6264,23.38,1010,3.357,28,53.49,0.836,5.075,642.694,913.943,47.9195,633.351,907,49.4,231.8,29.18,13.94,66.38,0,0
0,2014,269,1413,632.756,865.142,71.6122,23.4,1010,3.038,24.96,48.2,1.149,5.075,639.858,912.581,47.9445,630.896,907,49.56,232.1,29.18,13.93,66.42,0,0
0,2014,269,1414,629.914,861.865,72.7702,23.52,1010,3.331,15.46,44.18,0.737,4.809,637.022,909.412,49.1415,628.096,906,49.73,232.3,29.18,13.97,66.1,0,0
0,2014,269,1415,627.875,861.582,72.8011,23.69,1010,3.73,25.67,58.97,0.681,5.075,635.020,909.306,49.2000,626.329,905,49.89,232.6,29.18,13.96,65.26,0,0
0,2014,269,1416,625.733,862.379,72.0492,23.66,1010,4.103,35.97,47.22,0.62,5.341,632.809,910.111,48.4784,623.615,904,50.06,232.8,29.22,13.96,65.35,0,0
0,2014,269,1417,623.315,862.334,71.5816,23.69,1010,3.996,24.24,31.51,0.924,6.407,630.348,910.114,48.0446,621.505,904,50.22,233,29.22,13.94,65.53,0,0
0,2014,269,1418,621.032,861.195,71.9459,23.69,1010,3.983,26.12,51.04,1.274,6.14,628.013,909.009,48.4408,618.489,903,50.39,233.3,29.22,13.96,65.78,0,0
0,2014,269,1419,618.225,859.380,72.2195,23.68,1010,4.17,46.51,43.52,0.717,5.608,625.135,907.189,48.7537,616.335,902,50.55,233.5,29.22,13.96,66.32,0,0
0,2014,269,1420,615.608,855.759,73.8300,23.62,1010,3.504,20.4,49.05,0.694,5.341,622.423,903.531,50.4012,614.138,901,50.72,233.8,29.23,13.93,66.36,0,0
0,2014,269,1421,613.238,857.609,72.2294,23.72,1010,3.291,3.642,57,0.368,4.01,620.046,905.490,48.8329,611.639,900,50.89,234,29.25,13.94,66.67,0,0
0,2014,269,1422,612.600,861.134,71.3361,23.74,1010,3.97,1.393,44.21,0.826,5.341,619.379,909.128,47.9487,609.270,900,51.06,234.2,29.25,13.96,65.98,0,0
0,2014,269,1423,608.730,856.664,72.2453,23.64,1010,3.344,11.82,69.89,0.737,5.075,615.375,904.532,48.9122,607.116,899,51.23,234.5,29.25,13.92,66.69,0,0
0,2014,269,1424,606.184,855.525,72.3807,23.6,1010,3.664,28.17,44.62,0.625,5.075,612.747,903.382,49.0832,604.402,898,51.39,234.7,29.25,13.92,67.53,0,0
0,2014,269,1425,603.173,851.905,73.5986,23.59,1010,3.85,15.98,30.33,0.66,5.075,609.660,899.751,50.3428,601.042,897,51.56,235,29.28,13.94,68.05,0,0
0,2014,269,1426,600.943,852.385,73.0510,23.68,1010,3.89,31.96,54.25,0.836,5.608,607.408,900.327,49.8256,598.543,896,51.73,235.2,29.28,13.96,67.64,0,0
0,2014,269,1427,598.538,854.139,71.5570,23.53,1010,4.622,19.29,33.27,1.066,6.939,604.864,901.981,48.3658,596.346,895,51.9,235.4,29.28,13.97,67.6,0,0
0,2014,269,1428,597.115,854.633,71.8521,23.23,1010,4.21,26.42,35.65,0.978,6.14,603.237,902.292,48.6828,594.192,895,52.08,235.6,29.28,13.98,68.93,0,0
0,2014,269,1429,593.273,851.250,72.0991,23.15,1010,3.064,40.57,50.24,0.823,4.809,599.275,898.810,48.9830,590.530,894,52.25,235.9,29.28,13.97,70.05,0,0
0,2014,269,1430,590.658,850.266,72.1057,23.27,1010,3.77,41.89,48.6,0.739,5.075,596.647,897.932,49.0248,587.730,893,52.42,236.1,29.28,13.93,69.63,0,0
0,2014,269,1431,587.889,848.098,72.6814,23.36,1010,3.61,38.86,37.47,0.65,4.809,593.853,895.849,49.6379,585.533,892,52.59,236.3,29.27,13.95,69.15,0,0
0,2014,269,1432,585.647,850.045,71.2946,23.31,1010,4.116,27.13,30.11,0.726,5.341,591.517,897.778,48.2823,582.173,891,52.76,236.6,29.25,13.95,69.07,0,0
0,2014,269,1433,582.328,846.937,71.8960,23.35,1010,4.05,34.55,41.63,0.521,5.341,588.139,894.687,48.9288,579.287,890,52.94,236.8,29.25,13.95,69.31,0,0
0,2014,269,1434,579.261,846.470,71.1708,23.47,1010,3.77,46.71,28.97,0.79,5.341,585.052,894.312,48.2448,576.185,889,53.11,237,29.25,13.96,68.95,0,0
0,2014,269,1435,576.821,845.779,71.2036,23.4,1010,4.263,41.03,36.31,0.622,5.341,582.508,893.585,48.3115,573.902,888,53.29,237.2,29.25,13.96,68.77,0,0
0,2014,269,1436,575.327,847.506,70.7446,23.34,1010,3.956,38.9,33.31,1.013,5.608,580.923,895.321,47.8736,572.092,887,53.46,237.5,29.25,13.96,69.5,0,0
0,2014,269,1437,572.133,845.641,70.7389,23.38,1010,4.316,45.38,44.82,0.691,5.608,577.670,893.480,47.9111,568.431,886,53.64,237.7,29.25,13.92,69.28,0,0
0,2014,269,1438,568.621,841.183,71.9467,23.41,1010,3.943,35.39,35.15,0.734,5.874,574.083,889.015,49.1666,565.717,886,53.81,237.9,29.25,13.95,68.86,0,0
0,2014,269,1439,565.812,839.997,71.9288,23.34,1010,3.797,58.41,49.36,0.921,6.14,571.163,887.777,49.1874,562.400,885,53.99,238.1,29.23,13.97,68.42,0,0
0,2014,269,1440,563.269,842.198,70.1964,23.32,1010,3.424,42.11,38.37,0.894,5.608,568.535,889.977,47.4899,559.686,884,54.16,238.3,29.22,13.98,68.99,0,0
0,2014,269,1441,560.362,838.379,71.6206,23.28,1010,4.05,36.53,44.58,0.88,5.341,565.532,886.130,48.9539,557.101,883,54.34,238.6,29.22,13.94,69.49,0,0
0,2014,269,1442,557.679,837.140,71.7634,23.3,1010,3.983,38.79,26.08,0.704,5.341,562.780,884.915,49.1332,553.439,882,54.52,238.8,29.22,13.96,69.66,0,0
0,2014,269,1443,554.444,835.540,71.5654,23.36,1010,4.236,65.07,40.6,1.247,6.939,559.485,883.344,48.9789,551.371,881,54.7,239,29.22,13.96,69.4,0,0
0,2014,269,1444,551.503,834.952,71.0788,23.31,1010,3.996,35.58,41.86,1.198,6.407,556.440,882.716,48.5326,547.882,880,54.87,239.2,29.22,13.95,69.47,0,0
0,2014,269,1445,548.543,833.710,70.9718,23.31,1010,4.023,39.66,32.31,0.955,5.608,553.395,881.469,48.4659,545.039,879,55.05,239.4,29.22,13.94,70.03,0,0
0,2014,269,1446,545.374,830.647,71.6836,23.31,1010,3.89,19.2,44.68,0.717,5.075,550.142,878.398,49.2208,541.679,878,55.23,239.6,29.18,13.93,69.72,0,0
0,2014,269,1447,543.323,830.033,72.1147,23.4,1010,3.224,28.99,50.32,0.692,4.276,548.056,877.890,49.6796,539.223,877,55.41,239.8,29.18,13.98,69.12,0,0
0,2014,269,1448,541.263,832.603,70.7435,23.42,1010,4.942,57.17,16.46,0.94,7.206,545.929,880.510,48.3366,536.595,876,55.59,240.1,29.17,13.96,69.33,0,0
0,2014,269,1449,538.116,830.68,70.8333,23.28,1010,4.449,51.33,24.02,0.721,6.14,542.634,878.466,48.4700,533.709,875,55.77,240.3,29.15,13.94,69.51,0,0
0,2014,269,1450,536.909,835.063,69.3391,23.15,1010,3.903,56.98,43.28,0.755,5.341,541.299,882.813,46.9936,532.287,874,55.95,240.5,29.15,13.96,70.56,0,0
0,2014,269,1451,534.681,834.243,69.7549,23.18,1010,4.196,67.49,39.54,0.52,5.341,539.005,882.044,47.4399,530.435,873,56.13,240.7,29.15,13.95,69.49,0,0
0,2014,269,1452,530.869,830.078,70.4404,23.05,1010,4.143,59.1,54.77,0.889,5.874,535.043,877.739,48.1781,526.989,873,56.31,240.9,29.15,13.96,68.68,0,0
0,2014,269,1453,529.932,833.914,69.5762,23.06,1010,3.677,43.49,35.14,0.577,4.809,534.042,881.662,47.3272,524.792,872,56.49,241.1,29.13,13.93,68.88,0,0
0,2014,269,1454,525.585,831.083,68.9882,23.21,1010,3.837,22.12,33.18,0.731,5.341,529.663,878.896,46.7975,521.087,870,56.67,241.3,29.12,13.93,69,0,0
0,2014,269,1455,523.217,831.432,68.6389,23.28,1010,3.251,20.13,42.54,0.423,4.542,527.244,879.324,46.4805,518.373,869,56.86,241.5,29.12,13.96,67.63,0,0
0,2014,269,1456,520.612,829.600,69.2544,23.43,1010,3.85,36.63,33.14,0.633,4.809,524.616,877.622,47.1312,515.788,868,57.04,241.7,29.08,13.96,68.34,0,0
0,2014,269,1457,518.949,831.399,68.8442,23.59,1010,3.104,40.62,25.11,0.691,4.276,522.947,879.608,46.7433,513.763,867,57.22,241.9,29.08,13.96,68.42,0,0
0,2014,269,1458,514.494,828.959,67.9376,23.82,1010,3.597,31.12,20.31,0.901,5.341,518.485,877.283,45.8966,509.628,865,57.41,242.1,29.08,13.93,67.88,0,0
0,2014,269,1459,512.364,828.179,68.4621,23.72,1010,3.85,38.26,28.59,0.598,5.075,516.232,876.461,46.4513,507.947,864,57.59,242.3,29.08,13.93,67.39,0,0
0,2014,269,1500,509.573,827.780,68.1272,23.73,1010,3.477,43.81,25.2,0.71,4.809,513.354,876.071,46.1552,504.243,863,57.77,242.5,29.08,13.93,68,0,0
0,2014,269,1501,506.737,827.281,67.8083,23.74,1010,3.877,55.58,38.37,0.932,5.608,510.435,875.589,45.8757,502.261,862,57.96,242.7,29.08,13.95,67.99,0,0
0,2014,269,1502,505.425,828.592,68.0726,23.67,1010,3.118,54.99,41.57,0.626,4.276,509.017,876.914,46.1594,500.409,861,58.14,242.9,29.08,13.95,67.93,0,0
0,2014,269,1503,502.808,829.430,67.2851,23.66,1010,2.798,38.76,33.35,0.457,3.477,506.306,877.754,45.4086,497.824,860,58.33,243.1,29.08,13.96,67.19,0,0
0,2014,269,1504,499.783,830.037,66.2218,23.84,1010,3.877,46.52,23.17,0.627,5.341,503.261,878.498,44.3867,493.904,859,58.51,243.3,29.1,13.95,67.01,0,0
0,2014,269,1505,496.401,827.067,66.6745,23.77,1010,4.756,73.01,27.26,1.02,7.472,499.757,875.459,44.8872,491.190,858,58.7,243.5,29.12,13.96,64.58,0,0
0,2014,269,1506,493.465,825.673,66.7472,23.32,1010,4.01,44.04,33.14,0.613,5.608,496.546,873.706,45.0040,487.614,857,58.88,243.7,29.12,13.93,66.08,0,0
0,2014,269,1507,490.891,824.215,67.2277,23.31,1010,3.158,67.77,61.25,0.89,4.809,493.876,872.252,45.5212,485.288,856,59.07,243.9,29.12,13.94,66.31,0,0
0,2014,269,1508,487.797,825.806,65.6287,23.45,1010,4.01,48.53,30.37,1.226,6.407,490.748,873.954,43.9655,482.488,854,59.25,244.1,29.12,13.93,66.6,0,0
0,2014,269,1509,485.705,824.080,66.7283,23.37,1010,4.622,53.04,20.53,0.95,6.673,488.538,872.199,45.0958,479.472,853,59.44,244.3,29.12,13.92,64.92,0,0
0,2014,269,1510,482.958,824.920,65.8708,23.27,1010,3.69,53.26,29.47,1.262,7.472,485.660,872.970,44.2783,476.112,852,59.63,244.5,29.12,13.95,65.76,0,0
0,2014,269,1511,479.351,822.257,65.9279,23.35,1010,3.131,41.58,18.97,0.578,4.542,481.989,870.347,44.3867,473.355,851,59.82,244.7,29.12,13.96,65.99,0,0
0,2014,269,1512,475.912,819.683,66.1002,23.53,1010,3.917,40.66,24.87,0.567,4.809,478.527,867.903,44.6078,469.995,849,60,244.9,29.12,13.94,65.73,0,0
0,2014,269,1513,473.985,821.821,65.4516,23.77,1010,2.385,20.75,31.91,0.336,3.211,476.609,870.279,43.9863,467.281,848,60.19,245,29.1,13.97,65.64,0,0
0,2014,269,1514,471.356,820.691,65.7230,24.01,1010,2.771,16.98,24.17,0.534,4.276,473.981,869.355,44.2950,464.998,846,60.38,245.2,29.08,13.96,64.46,0,0
0,2014,269,1515,468.824,820.679,65.5401,24.1,1010,2.505,29.66,60.28,0.822,4.809,471.395,869.443,44.1490,462.284,845,60.57,245.4,29.08,13.97,63.83,0,0
0,2014,269,1516,466.402,822.213,64.7242,24.13,1010,4.369,60.46,24.99,0.912,6.14,468.893,871.025,43.3690,459.914,844,60.76,245.6,29.1,13.98,62.68,0,0
0,2014,269,1517,464.160,821.923,64.9891,23.79,1010,3.73,36.27,32.56,0.568,4.809,466.432,870.499,43.6693,457.243,843,60.94,245.8,29.12,13.94,63.51,0,0
0,2014,269,1518,460.785,820.369,64.7375,23.59,1010,2.971,39.45,37.98,0.719,4.276,462.887,868.777,43.4691,454.4,841,61.13,246,29.12,13.96,64.42,0,0
0,2014,269,1519,458.114,821.052,64.1259,23.62,1010,2.518,52.9,48.42,0.508,3.743,460.134,869.499,42.8977,451.428,840,61.32,246.2,29.12,13.96,64.77,0,0
0,2014,269,1520,454.784,818.940,64.1884,23.63,1010,2.452,15.46,57.98,0.665,4.276,456.714,867.390,43.0103,447.852,839,61.51,246.4,29.12,13.97,64.29,0,0
0,2014,269,1521,452.072,819.493,63.6006,23.65,1010,2.758,26.71,33.89,0.47,3.477,453.919,867.978,42.4639,444.923,837,61.7,246.5,29.12,13.95,63.72,0,0
0,2014,269,1522,448.405,815.893,64.0250,23.79,1010,3.277,38.53,27.85,0.652,4.809,450.207,864.466,42.9436,441.218,836,61.89,246.7,29.12,13.96,64.4,0,0
0,2014,269,1523,445.989,813.783,64.9897,24.02,1010,3.504,63.49,37.7,1.126,6.407,447.788,862.576,43.9446,438.375,834,62.08,246.9,29.12,13.94,63.6,0,0
0,2014,269,1524,442.869,815.171,63.6308,23.92,1010,3.464,53.84,17.38,0.542,4.01,444.535,863.882,42.6350,435.919,832,62.28,247.1,29.12,13.98,63.76,0,0
0,2014,269,1525,439.430,813.016,63.6018,23.89,1010,3.291,58.08,46.7,0.578,4.276,440.989,861.693,42.6600,431.956,831,62.47,247.3,29.12,13.96,64.11,0,0
0,2014,269,1526,437.714,813.721,63.9669,24.02,1010,3.783,57.58,24.84,1.083,5.608,439.238,862.575,43.0520,429.630,829,62.66,247.4,29.12,13.94,64.08,0,0
0,2014,269,1527,433.620,810.178,63.9059,23.96,1010,3.61,34.46,25.29,0.977,5.608,435.025,858.946,43.0562,425.709,827,62.85,247.6,29.15,13.95,64.56,0,0
0,2014,269,1528,429.799,806.409,64.2073,23.95,1010,3.717,62.3,16.11,0.82,5.341,431.104,855.142,43.4191,422.435,826,63.04,247.8,29.15,13.97,64.93,0,0
0,2014,269,1529,427.791,807.09,64.3024,23.74,1010,4.063,65.37,21.6,0.802,5.608,428.935,855.713,43.5484,418.558,824,63.23,248,29.15,13.94,65.46,0,0
0,2014,269,1530,425.000,807.854,63.6004,23.51,1010,3.104,66.71,30.47,0.665,4.276,425.974,856.319,42.8935,417.050,823,63.43,248.2,29.15,13.95,66.87,0,0
0,2014,269,1531,420.711,802.620,64.0679,23.52,1010,3.331,60.71,36.7,0.797,5.075,421.595,851.050,43.4316,412.225,821,63.62,248.3,29.13,13.94,67.53,0,0
0,2014,269,1532,416.925,799.727,63.9755,23.52,1010,3.703,42.51,19.83,0.56,5.075,417.716,848.133,43.4024,408.434,819,63.81,248.5,29.12,13.93,67.43,0,0
0,2014,269,1533,413.979,797.491,64.4259,23.49,1010,2.878,23.02,24.29,0.532,4.01,414.671,845.893,43.9029,405.505,817,64,248.7,29.12,13.95,68.25,0,0
0,2014,269,1534,410.548,795.646,64.2146,23.78,1010,2.345,38.23,32.48,0.483,3.477,411.251,844.278,43.7486,402.317,815,64.2,248.9,29.12,13.94,67.8,0,0
0,2014,269,1535,407.930,794.639,64.4575,23.89,1010,4.303,47.46,16.82,0.714,5.341,408.582,843.393,44.0364,399.172,813,64.39,249,29.12,13.92,67.17,0,0
0,2014,269,1536,405.200,796.279,63.4535,23.7,1010,4.036,68.1,24.33,1.209,6.14,405.704,844.921,43.0812,396.631,812,64.58,249.2,29.12,13.92,67.63,0,0
0,2014,269,1537,400.990,790.986,63.9287,23.46,1010,3.224,48.4,40.21,0.692,4.542,401.324,839.402,43.6318,392.366,810,64.78,249.4,29.08,13.91,68.69,0,0
0,2014,269,1538,396.521,786.230,63.8985,23.37,1010,4.13,49.56,29.4,1.162,6.673,396.736,834.525,43.6818,388.532,808,64.97,249.6,29.08,13.92,68.86,0,0
0,2014,269,1539,393.404,783.109,64.5081,23.21,1010,3.437,50.32,54.94,0.643,4.542,393.483,831.295,44.3492,385.086,806,65.17,249.7,29.08,13.89,68.94,0,0
0,2014,269,1540,390.226,783.255,63.6824,23.23,1010,3.131,26.04,35.15,0.59,4.276,390.229,831.476,43.5818,381.682,805,65.36,249.9,29.07,13.91,69.34,0,0
0,2014,269,1541,386.333,778.59,64.145,23.41,1010,2.785,43.79,27.17,0.407,3.477,386.309,826.933,44.1156,377.676,802,65.56,250.1,29.03,13.92,69.7,0,0
0,2014,269,1542,382.962,776.702,63.9652,23.52,1010,3.61,43.51,35.89,0.756,5.341,382.889,825.139,43.9988,373.756,800,65.75,250.3,29.03,13.91,69.57,0,0
0,2014,269,1543,379.664,776.431,63.1888,23.52,1010,3.277,33.69,27.21,0.762,4.276,379.510,824.884,43.2856,371.128,798.2,65.95,250.4,29.02,13.93,69.73,0,0
0,2014,269,1544,376.032,774.222,62.8642,23.52,1010,3.144,54.07,37.62,0.525,4.276,375.798,822.675,43.0312,366.906,796.2,66.14,250.6,29,13.89,69.92,0,0
0,2014,269,1545,373.218,771.252,63.6590,23.44,1010,4.116,75.07,33.06,1.07,6.407,372.878,819.678,43.8820,364.235,794.3,66.34,250.8,28.99,13.92,69.74,0,0
0,2014,269,1546,369.613,769.100,63.3282,23.35,1010,3.357,32.53,47.51,0.765,5.341,369.166,817.458,43.6234,360.358,792.5,66.53,250.9,28.95,13.9,70.72,0,0
0,2014,269,1547,366.438,769.381,62.4715,23.35,1010,3.584,30,51.91,1.096,5.608,365.913,817.765,42.8310,358.075,790.1,66.73,251.1,28.95,13.91,70.8,0,0
0,2014,269,1548,364.131,770.169,62.2698,23.37,1010,4.05,44.35,33.35,1.079,6.14,363.536,818.642,42.6767,354.844,788.1,66.92,251.3,28.92,13.92,70.84,0,0
0,2014,269,1549,359.928,764.927,62.5330,23.31,1010,3.703,24.08,33.48,0.848,5.608,359.240,813.328,43.0270,351.139,786.3,67.12,251.4,28.89,13.93,69.96,0,0
0,2014,269,1550,356.390,763.641,61.9079,23.26,1010,3.331,27.73,49.92,0.441,4.01,355.611,812.010,42.4765,346.530,784.4,67.32,251.6,28.87,13.96,69.66,0,0
0,2014,269,1551,352.843,760.533,61.9654,23.23,1010,3.61,18.01,52.8,0.849,5.608,351.982,808.889,42.6099,343.772,782.6,67.51,251.8,28.84,13.95,68.8,0,0
0,2014,269,1552,349.278,756.370,62.3972,23.26,1010,3.251,34.93,45.19,0.872,5.075,348.354,804.762,43.1188,339.766,780.7,67.71,251.9,28.82,13.99,68.64,0,0
0,2014,269,1553,346.489,755.273,62.4404,23.35,1010,3.624,22.09,64.13,1.002,5.341,345.517,803.787,43.2231,337.397,778.4,67.91,252.1,28.79,13.99,68.46,0,0
0,2014,269,1554,343.704,757.973,61.0553,23.27,1010,4.742,66.4,45.06,0.971,6.407,342.640,806.484,41.9009,333.218,776.3,68.11,252.3,28.77,14.02,68.2,0,0
0,2014,269,1555,338.969,752.351,60.8186,23.14,1010,4.303,31.29,32,0.833,5.874,337.801,800.711,41.7716,329.642,774.1,68.3,252.4,28.74,14.05,68.77,0,0
0,2014,269,1556,335.503,747.784,61.4351,23.1,1010,3.344,9.3,55.94,0.543,4.276,334.256,796.133,42.4681,326.325,771.8,68.5,252.6,28.69,14.06,69.24,0,0
0,2014,269,1557,333.121,748.214,61.3003,23.22,1010,4.303,47.5,25.25,0.601,5.608,331.837,796.734,42.3889,322.836,769.4,68.7,252.8,28.67,14.06,68.71,0,0
0,2014,269,1558,329.449,744.297,61.4549,23.16,1010,5.541,50.07,27.94,1.017,6.939,328.083,792.783,42.6308,320.165,767.2,68.9,252.9,28.62,14.05,68.51,0,0
0,2014,269,1559,326.821,742.814,61.7571,22.94,1010,4.915,66.74,32.12,0.783,6.673,325.330,791.207,42.9978,317.365,764.9,69.09,253.1,28.59,14.05,69.4,0,0
0,2014,269,1600,322.948,740.658,61.0445,22.83,1010,4.369,67.73,58.74,0.626,5.341,321.368,788.971,42.3805,313.358,762.4,69.29,253.3,28.54,14.02,70.22,0,0
0,2014,269,1601,320.272,740.564,60.8023,22.78,1010,4.156,57.68,36.3,0.671,5.608,318.615,788.913,42.2053,309.998,760.3,69.49,253.4,28.51,14,70.59,0,0
0,2014,269,1602,316.712,737.540,60.696,22.75,1010,4.742,32.01,24.98,0.753,6.14,314.986,785.885,42.1887,306.207,757.8,69.69,253.6,28.46,13.96,71.08,0,0
0,2014,269,1603,312.222,731.557,60.6607,22.74,1010,5.395,44.8,19.68,1.03,6.939,310.440,779.861,42.2679,302.158,755.1,69.89,253.7,28.41,13.97,71.3,0,0
0,2014,269,1604,309.126,730.690,60.2581,22.68,1010,4.636,39.05,30.71,0.659,5.608,307.270,779.005,41.9467,298.927,752.5,70.09,253.9,28.38,13.94,71.76,0,0
0,2014,269,1605,305.170,724.434,60.7956,22.7,1010,4.982,68.41,29.11,0.972,6.939,303.266,772.764,42.5891,294.878,749.9,70.29,254.1,28.31,13.92,71.88,0,0
0,2014,269,1606,302.070,722.017,60.8741,22.64,1010,3.917,47.23,33.52,0.927,5.874,300.096,770.357,42.7517,292.422,747.1,70.48,254.2,28.28,13.92,72.51,0,0
0,2014,269,1607,299.265,721.369,60.6476,22.74,1010,3.996,39.63,34.41,0.622,5.608,297.260,769.863,42.6016,289.105,744.4,70.68,254.4,28.22,13.9,72.43,0,0
0,2014,269,1608,295.530,717.849,60.4362,22.87,1010,4.289,56.86,42.71,0.861,6.407,293.506,766.458,42.4931,284.495,741.6,70.88,254.5,28.17,13.88,71.68,0,0
0,2014,269,1609,292.292,715.500,60.3277,22.85,1010,3.717,55.34,59.2,0.93,5.608,290.211,764.145,42.4764,280.920,739,71.08,254.7,28.12,13.86,71.54,0,0
0,2014,269,1610,288.611,715.599,58.9825,22.74,1010,4.396,43.11,26.58,1.026,5.874,286.457,764.186,41.2377,278.249,736.2,71.28,254.8,28.09,13.85,72.03,0,0
0,2014,269,1611,285.960,715.099,58.8503,22.71,1010,3.49,54.29,42.29,0.814,5.874,283.746,763.756,41.1835,275.406,733.4,71.48,255,28.04,13.83,72.24,0,0
0,2014,269,1612,282.467,711.831,58.7508,22.68,1010,3.957,51.98,38.25,0.853,6.14,280.201,760.505,41.1877,271.873,730.6,71.68,255.2,27.99,13.81,71.93,0,0
0,2014,269,1613,279.401,711.687,58.0863,22.62,1010,3.344,47.62,46.58,0.832,5.874,277.073,760.381,40.6162,268.944,727.7,71.88,255.3,27.96,13.8,72.28,0,0
0,2014,269,1614,276.289,709.391,58.046,22.75,1010,3.397,52.01,56.1,0.855,5.075,273.945,758.251,40.6704,265.842,724.7,72.08,255.5,27.9,13.78,71.82,0,0
0,2014,269,1615,272.423,703.200,58.4385,22.68,1010,3.743,46.53,40.76,0.915,6.14,270.024,752.022,41.1835,262.482,721.9,72.28,255.6,27.85,13.76,71.85,0,0
0,2014,269,1616,268.734,698.016,58.6559,22.76,1010,3.437,58.94,39.37,0.686,4.542,266.312,746.915,41.5171,259.208,718.6,72.48,255.8,27.83,13.74,71.89,0,0
0,2014,269,1617,265.956,696.616,58.624,22.69,1010,4.263,37.89,30.43,0.792,5.874,263.476,745.565,41.5755,255.245,715.5,72.68,255.9,27.77,13.72,72.17,0,0
0,2014,269,1618,262.252,691.243,58.8321,22.63,1010,3.677,54.62,51.19,0.709,4.809,259.722,740.164,41.9050,250.937,712.4,72.89,256.1,27.74,13.71,72.61,0,0
0,2014,269,1619,258.392,686.075,58.7904,22.5,1010,3.397,38.6,50.33,0.758,5.341,255.802,734.907,41.9926,248.180,709.1,73.09,256.3,27.67,13.69,73.45,0,0
0,2014,269,1620,255.559,686.476,58.1519,22.48,1010,3.517,28.82,43.37,0.56,4.809,252.925,735.394,41.4507,245.381,705.7,73.29,256.4,27.64,13.67,74.02,0,0
0,2014,269,1621,251.222,680.434,57.8411,22.61,1010,3.93,46.35,46.72,0.876,5.874,248.588,729.41,41.2881,241.591,702.3,73.49,256.6,27.61,13.67,73.34,0,0
0,2014,269,1622,248.248,677.172,58.0731,22.44,1010,5.182,44.63,28.75,0.598,6.407,245.543,726.107,41.6260,237.671,699.1,73.69,256.7,27.55,13.64,73.75,0,0
0,2014,269,1623,244.279,669.032,58.6474,22.18,1010,3.957,56.44,63.28,1.002,6.673,241.498,717.771,42.3435,233.363,695.7,73.89,256.9,27.52,13.63,75.01,0,0
0,2014,269,1624,240.566,665.435,58.1783,22.11,1010,4.05,50.24,40.21,1.001,5.874,237.745,714.136,42.0099,230.176,692.2,74.09,257,27.45,13.62,75.67,0,0
0,2014,269,1625,236.458,657.914,58.3560,22.1,1010,4.396,50.34,16.74,0.586,5.608,233.617,706.583,42.3397,226.3,688.6,74.29,257.2,27.42,13.6,75.85,0,0
0,2014,269,1626,232.649,651.909,58.3876,22.08,1010,4.356,38.7,20.93,0.834,6.407,229.782,700.560,42.5151,222.554,685,74.5,257.3,27.36,13.58,76.19,0,0
0,2014,269,1627,229.249,647.023,58.4947,22.11,1010,3.703,25.07,31.83,1.356,6.673,226.362,695.734,42.7531,219.108,681.3,74.7,257.5,27.33,13.37,76.26,0,0
0,2014,269,1628,225.883,645.488,57.7253,22.17,1010,3.158,21.49,45.64,0.913,5.341,222.985,694.284,42.1151,215.706,677.6,74.9,257.6,27.28,13.45,76.13,0,0
0,2014,269,1629,222.808,644.125,57.1972,22.19,1010,3.863,25.76,46.63,0.897,5.608,219.857,692.881,41.7106,212.561,673.8,75.1,257.8,27.21,13.34,75.66,0,0
0,2014,269,1630,219.642,642.060,56.7451,22.16,1010,4.529,41.22,24.44,0.61,5.874,216.604,690.61,41.3895,209.245,670.1,75.3,257.9,27.17,13.24,75.83,0,0
0,2014,269,1631,215.518,635.391,56.4872,22.11,1010,5.155,70.94,24.8,0.855,6.939,212.434,683.738,41.3021,205.024,666.1,75.51,258.1,27.12,13.19,75.97,0,0
0,2014,269,1632,212.611,633.85,56.1428,21.94,1010,4.329,47.28,24.25,0.634,5.341,209.473,682.153,41.0811,202.224,662.3,75.71,258.2,27.07,13.05,76.68,0,0
0,2014,269,1633,209.575,632.220,55.6721,21.86,1010,4.582,41.18,26.25,1.093,6.407,206.428,680.637,40.7391,199.295,658.2,75.91,258.4,27.03,13.08,77.34,0,0
0,2014,269,1634,205.901,626.327,55.5746,21.88,1010,4.516,36.82,23.66,0.709,5.608,202.800,674.975,40.7978,195.504,654,76.11,258.5,26.98,13.08,77.54,0,0
0,2014,269,1635,202.034,620.758,55.1751,21.89,1010,3.77,39.42,28.57,1.031,5.341,199.006,669.715,40.5644,191.844,649.8,76.32,258.7,26.92,13.07,77.55,0,0
0,2014,269,1636,198.353,616.473,54.6231,21.91,1010,3.637,38.54,19.78,0.814,5.874,195.419,665.87,40.1725,188.484,645.5,76.52,258.8,26.88,13.05,77.77,0,0
0,2014,269,1637,195.538,614.022,54.4965,21.93,1010,5.009,55.91,33.15,1.148,7.206,192.710,664.087,40.1687,185.599,641.2,76.72,259,26.82,13.04,77.45,0,0
0,2014,269,1638,192.344,609.456,54.4506,21.8,1010,3.917,54.69,38.09,0.67,5.075,189.624,660.137,40.2648,182.584,636.9,76.92,259.1,26.78,13.03,77.92,0,0
0,2014,269,1639,187.642,598.569,54.2798,21.71,1010,3.171,33.45,41.01,0.675,4.276,185.078,649.781,40.3068,178.234,632.4,77.13,259.3,26.73,13.02,78.72,0,0
0,2014,269,1640,185.055,598.888,53.6851,21.77,1010,3.424,22.52,35.92,0.806,4.809,182.661,651.149,39.8274,175.866,627.8,77.33,259.4,26.67,13.01,78.46,0,0
0,2014,269,1641,181.617,593.729,53.4280,21.74,1010,3.171,27.65,24.69,0.637,4.542,179.408,646.956,39.7275,172.463,623.2,77.53,259.6,26.62,13,78.41,0,0
0,2014,269,1642,178.401,592.471,52.5342,21.82,1010,3.264,32.99,34.27,0.523,4.276,176.405,646.876,38.9811,169.577,618.5,77.73,259.7,26.58,12.99,78.35,0,0
0,2014,269,1643,175.096,589.668,51.8803,21.81,1010,3.703,52.53,33.63,0.648,4.809,173.320,645.293,38.4808,166.606,613.6,77.94,259.9,26.51,12.98,78.42,0,0
0,2014,269,1644,171.103,580.628,51.7819,21.83,1010,2.425,14.96,30.63,0.61,4.01,169.567,637.429,38.5727,162.988,608.7,78.14,260,26.47,12.98,78.39,0,0
0,2014,269,1645,167.894,578.121,51.0957,21.88,1010,3.157,64.09,48.47,0.999,5.075,166.606,636.374,38.0389,160.101,603.8,78.34,260.2,26.42,12.97,78.22,0,0
0,2014,269,1646,164.977,579.108,49.9929,21.85,1010,3.197,46.01,27.29,0.516,4.542,163.937,638.931,37.0755,157.431,598.7,78.55,260.3,26.39,12.97,78.06,0,0
0,2014,269,1647,162.526,576.527,50.0599,21.7,1010,4.13,57.56,29.76,0.737,5.341,161.727,638.054,37.2592,155.149,593.6,78.75,260.5,26.33,12.96,78.4,0,0
0,2014,269,1648,159.302,572.230,49.6598,21.62,1010,2.785,36.57,46.61,0.515,3.743,158.766,635.420,37.0177,152.177,588.5,78.95,260.6,26.3,12.95,79,0,0
0,2014,269,1649,155.187,563.411,49.2053,21.58,1010,3.411,66.28,39.01,0.96,5.608,154.930,628.145,36.7718,148.473,583,79.16,260.7,26.24,12.95,79.14,0,0
0,2014,269,1650,151.949,561.346,48.3116,21.52,1010,2.705,30.9,34.42,0.571,4.542,151.969,627.915,36.0419,145.845,577.6,79.36,260.9,26.21,12.95,79.49,0,0
0,2014,269,1651,148.698,558.998,47.4407,21.52,1010,2.904,50.95,58.44,0.701,4.01,149.008,627.532,35.3372,142.744,572,79.56,261,26.14,12.94,79.98,0,0
0,2014,269,1652,144.985,550.786,47.1375,21.54,1010,2.865,34.96,47.95,0.546,4.01,145.588,621.218,35.2288,139.254,566.3,79.77,261.2,26.1,12.94,79.5,0,0
0,2014,269,1653,141.145,544.059,46.3940,21.57,1010,2.225,51.69,30.6,0.405,3.477,142.042,616.414,34.6908,135.721,560.6,79.97,261.3,26.05,12.93,79.33,0,0
0,2014,269,1654,137.675,539.239,45.6528,21.64,1010,2.944,41.08,32.83,0.601,3.743,138.872,613.745,34.1360,132.835,554.6,80.2,261.5,26.01,12.93,79.4,0,0
0,2014,269,1655,134.507,533.143,45.3934,21.62,1010,2.545,34.47,31.21,0.509,3.477,135.994,609.922,34.0486,129.863,548.6,80.4,261.6,25.96,12.92,79.25,0,0
0,2014,269,1656,130.721,524.212,44.9307,21.61,1010,2.838,38.89,42.21,0.66,4.276,132.491,603.054,33.7985,126.546,542.5,80.6,261.8,25.92,12.92,79.49,0,0
0,2014,269,1657,126.616,513.562,44.3687,21.59,1010,2.891,75.37,48.85,0.708,4.276,128.654,594.324,33.4733,122.884,536.2,80.8,261.9,25.87,12.91,79.59,0,0
0,2014,269,1658,124.076,513.308,43.6704,21.53,1010,2.918,34.73,39.14,0.601,4.01,126.359,596.524,32.9185,120.601,529.9,81,262.1,25.81,12.91,79.9,0,0
0,2014,269,1659,120.670,504.326,43.4352,21.52,1010,3.118,51.98,34.75,0.432,3.743,122.856,587.348,32.9060,117.326,523.4,81.2,262.2,25.78,12.9,80,0,0
0,2014,269,1700,117.319,500.553,42.4324,21.57,1010,3.717,61.29,30.85,1,5.075,119.269,582.414,32.1345,113.535,516.7,81.4,262.3,25.73,12.9,80.3,0,0
0,2014,269,1701,114.421,499.545,41.4375,21.52,1010,3.184,45.63,38.82,0.42,4.01,116.057,579.781,31.3504,110.520,510,81.6,262.5,25.69,12.9,80.1,0,0
0,2014,269,1702,111.184,490.608,41.2291,21.41,1010,3.424,59.63,33.43,0.656,5.075,112.429,568.377,31.384,106.901,503.2,81.8,262.6,25.63,12.89,80.5,0,0
0,2014,269,1703,108.168,487.863,40.3149,21.35,1010,3.61,55.84,31.03,0.712,5.075,108.967,562.700,30.7044,103.326,496.3,82,262.8,25.6,12.89,80.8,0,0
0,2014,269,1704,104.956,479.490,39.9508,21.3,1010,3.424,60.86,15.45,0.466,4.01,105.255,550.691,30.5961,99.7505,489.2,82.2,262.9,25.54,12.89,81.1,0,0
0,2014,269,1705,101.912,478.941,38.6648,21.3,1010,3.384,56.25,16.07,0.809,5.075,101.668,546.018,29.5617,96.2179,481.9,82.4,263.1,25.49,12.88,81.4,0,0
0,2014,269,1706,98.7035,474.006,37.7771,21.24,1010,3.158,60.21,27.52,0.458,4.276,97.8727,536.250,28.9446,92.7287,474.5,82.6,263.2,25.45,12.88,81.5,0,0
0,2014,269,1707,95.6018,464.495,37.5329,21.25,1010,2.825,54.91,31.2,0.352,3.477,94.1603,521.445,28.9698,89.3252,467,82.8,263.3,25.39,12.88,81.6,0,0
0,2014,269,1708,92.0964,457.51,36.5062,21.3,1010,1.986,37.38,43.8,0.472,3.211,90.0306,508.459,28.2483,85.4476,459.3,83,263.5,25.36,12.87,81.5,0,0
0,2014,269,1709,88.9206,452.808,35.4937,21.37,1010,2.625,26.04,19.07,0.751,4.276,86.1100,496.454,27.5309,81.6566,451.5,83.2,263.6,25.3,12.87,81.2,0,0
0,2014,269,1710,85.1492,438.347,34.9648,21.37,1010,3.051,71.32,18.51,0.649,4.542,82.1470,479.025,27.3057,77.8650,443.7,83.4,263.8,25.24,12.87,80.9,0,0
0,2014,269,1711,80.8498,419.955,34.2524,21.34,1010,2.811,62.37,27.02,0.487,3.477,77.9337,459.738,26.9222,73.7287,435.6,83.6,263.9,25.21,12.85,81.2,0,0
0,2014,269,1712,77.2305,403.011,33.9375,21.34,1010,1.999,55.57,18.86,0.309,2.678,74.3881,442.165,26.8889,70.4113,427.4,83.8,264.1,25.15,12.86,81.3,0,0
0,2014,269,1713,73.3787,392.479,32.5913,21.38,1010,2.691,36.63,12.85,0.549,4.01,70.6334,430.970,25.8460,66.8350,419.1,84,264.2,25.09,12.86,81.3,0,0
0,2014,269,1714,69.9061,375.106,32.2391,21.39,1010,3.584,61.79,16.1,0.835,5.075,67.2544,413.114,25.7711,63.6465,410.6,84.2,264.3,25.06,12.86,81.2,0,0
0,2014,269,1715,66.8138,362.276,31.7054,21.31,1010,2.425,66.77,27.07,0.529,3.743,64.2509,399.996,25.4875,60.9752,402.2,84.4,264.5,25.01,12.86,81.3,0,0
0,2014,269,1716,63.4415,345.281,31.1930,21.26,1010,2.798,44.06,18.85,0.417,3.477,60.9969,382.745,25.2498,58.0452,393.5,84.6,264.6,24.97,12.86,81.7,0,0
0,2014,269,1717,60.2619,335.509,30.1106,21.31,1010,3.158,60.5,24.89,0.523,4.01,57.9517,373.037,24.4282,54.9861,384.6,84.8,264.8,24.91,12.85,81.8,0,0
0,2014,269,1718,56.8921,321.244,29.1475,21.25,1010,2.931,57.03,17.78,0.331,3.477,54.7395,358.888,23.7441,52.0562,375.8,85,264.9,24.87,12.85,82,0,0
0,2014,269,1719,53.4971,303.759,28.3224,21.18,1010,2.279,59.73,14.42,0.391,2.944,51.5271,341.781,23.2018,49.0399,366.9,85.2,265,24.82,12.85,82.4,0,0
0,2014,269,1720,50.1155,145.351,38.4745,21.18,1010,2.265,58.27,19.69,0.969,4.276,48.3565,165.208,35.1262,46.0667,357.9,85.4,265.2,24.76,12.84,82.7,0,0
0,2014,269,1721,46.5759,135.485,36.1950,21.16,1010,2.452,64.08,24.82,0.706,4.01,45.0605,155.258,33.1654,42.9211,348.9,85.6,265.3,24.72,12.85,82.7,0,0
0,2014,269,1722,43.3061,111.109,35.1433,21.13,1010,3.171,65.63,16.88,0.579,4.542,42.0566,129.541,32.5396,39.9477,339.8,85.8,265.5,24.67,12.85,83,0,0
0,2014,269,1723,40.2173,10.3993,39.5257,21.04,1010,2.279,58.83,25.61,0.66,3.743,39.2613,13.3326,38.3726,37.4484,330.7,86,265.6,24.61,12.85,83.3,0,0
0,2014,269,1724,37.4708,93.5925,31.2469,21.03,1010,2.172,37.18,20.46,0.302,2.678,36.8414,114.627,29.2186,35.1214,321.7,86.2,265.7,24.57,12.84,83.7,0,0
0,2014,269,1725,34.5960,0,34.5960,21.03,1010,2.239,40.38,16.47,0.528,2.944,34.3380,1.32374,34.2546,32.7512,312.7,86.4,265.9,24.53,12.84,83.4,0,0
0,2014,269,1726,31.7202,0,31.7202,21.02,1010,2.185,29.55,43.29,0.423,3.211,31.8764,1.40032,31.7930,30.5104,303.9,86.6,266,24.47,12.84,83.5,0,0
0,2014,269,1727,28.8461,0,28.8461,20.97,1010,1.959,40.56,21.39,0.368,2.678,29.4566,1.50982,29.3732,28.0973,295.2,86.8,266.2,24.41,12.84,83.4,0,0
0,2014,269,1728,26.1323,0,26.1323,20.96,1010,2.425,50.42,11.8,0.39,3.211,27.2454,3.98539,27.0368,25.8134,286.7,87,266.3,24.36,12.84,83.9,0,0
0,2014,269,1729,23.4255,0,23.4255,20.94,1010,2.665,43.76,15.17,0.502,3.743,25.0760,0,25.0760,24.0037,278.5,87.2,266.4,24.3,12.84,84,0,0
0,2014,269,1730,20.8868,0,20.8868,20.9,1010,2.425,52.2,21.41,0.542,3.743,23.1152,0.944586,23.0735,22.1508,270.7,87.4,266.6,24.26,12.84,84.2,0,0
0,2014,269,1731,18.4797,0,18.4797,20.92,1010,2.332,46.71,18.8,0.454,3.477,21.3212,3.02880,21.196,20.3840,263.4,87.6,266.7,24.2,12.84,84.4,0,0
0,2014,269,1732,16.1432,0,16.1432,20.89,1010,2.558,71.75,43.1,0.692,3.477,19.6107,2.23399,19.5272,18.7898,256.6,87.8,266.9,24.15,12.83,84.4,0,0
0,2014,269,1733,13.5786,0,13.5786,20.82,1010,2.598,50.75,28.92,0.566,3.211,17.5663,0.001411,17.5663,16.8075,250.7,88,267,24.09,12.83,84.5,0,0
0,2014,269,1734,11.0831,0,11.0831,20.77,1010,3.877,39.83,12.05,0.639,5.075,15.4802,0,15.4802,14.9544,245.6,88.2,267.1,24.03,12.83,85,0,0
0,2014,269,1735,9.05541,0,9.05541,20.68,1010,2.705,67.49,32.15,0.476,3.743,13.8531,5.7687,13.6903,13.3169,241.8,88.4,267.3,23.97,12.83,85.4,0,0
0,2014,269,1736,7.25323,0,7.25323,20.56,1010,3.104,60.42,23.07,0.441,4.276,12.3510,6.37574,12.1924,11.8948,108,88.6,267.4,23.93,12.83,85.2,0,0
0,2014,269,1737,5.71822,0,5.71822,20.43,1010,3.677,51.71,28.71,0.595,4.809,11.0158,5.71058,10.8906,10.5157,0,88.8,267.6,23.85,12.83,85,0,0
0,2014,269,1738,4.3827,0,4.3827,20.27,1010,3.85,45.1,21.16,0.947,5.874,9.7223,9.46580,9.55537,9.35214,0,89,267.7,23.8,12.83,84.7,0,0
0,2014,269,1739,3.3584,0,3.3584,20.08,1010,2.838,38.77,19.52,0.58,3.743,8.72087,2.89308,8.67914,8.36091,0,89.1,267.8,23.74,12.83,83.6,0,0
0,2014,269,1740,2.50076,0,2.50076,20.02,1010,3.703,51.92,24.2,0.831,5.075,7.71944,9.74760,7.59426,7.41277,0,89.3,268,23.68,12.83,83.2,0,0
0,2014,269,1741,1.86070,0,1.86070,19.98,1010,2.971,55.4,22.38,0.926,4.809,6.92661,25.7907,6.67626,6.50771,0,89.5,268.1,23.62,12.83,82.5,0,0
0,2014,269,1742,1.59125,0,1.59125,19.97,1010,3.437,43.84,17.91,0.643,4.542,6.00863,6.30961,5.96690,5.81815,0,89.7,268.3,23.54,12.83,82.1,0,0
0,2014,269,1743,6.01801,0,6.01801,20.01,1010,3.77,62.83,14.83,0.719,5.608,5.42446,0,5.42446,5.17170,0,89.8,268.4,23.48,12.83,81.7,0,0
0,2014,269,1744,5.27808,0,5.27808,20.02,1010,4.343,54.41,10.87,0.564,5.341,4.75685,0,4.75685,4.43905,0,90.1,268.5,23.42,12.83,81.1,0,0
0,2014,269,1745,4.67675,0,4.67675,20.04,1010,3.943,50.32,13.16,0.545,5.075,4.21441,0,4.21441,4.09428,0,90.4,268.7,23.35,12.83,80.7,0,0
0,2014,269,1746,4.21406,0,4.21406,20.08,1010,3.61,57.68,13.25,0.697,5.075,3.79716,0,3.79716,3.49093,0,90.7,268.8,23.28,12.83,80.3,0,0
0,2014,269,1747,3.70507,0,3.70507,20.09,1010,4.116,57.55,16.3,0.783,5.341,3.33818,0,3.33818,3.44785,0,90.9,269,23.22,12.83,80.3,0,0
0,2014,269,1748,3.70507,0,3.70507,20.12,1010,3.73,57.01,15.71,0.522,4.809,3.33819,0,3.33819,3.40476,0,91.2,269.1,23.15,12.83,80.3,0,0
0,2014,269,1749,3.70507,0,3.70507,20.1,1010,4.196,51.72,16.99,0.758,5.341,3.33819,0,3.33819,3.31856,0,91.4,269.2,23.08,12.83,79.96,0,0
0,2014,269,1750,3.38104,0,3.38104,20.14,1010,3.317,52.44,16.39,0.441,4.276,3.04609,0,3.04609,2.93067,0,91.7,269.4,23.02,12.83,80.1,0,0
0,2014,269,1751,2.91814,0,2.91814,20.13,1010,3.863,64.1,22.62,0.893,5.341,2.62881,0,2.62881,2.49969,0,91.9,269.5,22.97,12.83,80.1,0,0
0,2014,269,1752,2.59406,0,2.59406,20.13,1010,3.357,59.61,12.88,0.473,4.276,2.33672,0,2.33672,2.32729,0,92.1,269.7,22.9,12.83,79.92,0,0
0,2014,269,1753,2.13101,0,2.13101,20.14,1010,3.743,59.8,13.56,0.674,4.809,1.91945,0,1.91945,1.81012,0,92.3,269.8,22.83,12.84,79.77,0,0
0,2014,269,1754,1.89948,0,1.89948,20.15,1010,3.61,45.98,17.44,0.788,5.075,1.71082,0,1.71082,1.72393,0,92.5,269.9,22.77,12.84,79.76,0,0
0,2014,269,1755,1.76054,0,1.76054,20.15,1010,2.891,50.82,19.36,0.391,3.477,1.58565,0,1.58565,1.42225,0,92.8,270.1,22.71,12.84,79.97,0,0
0,2014,269,1756,1.52894,0,1.52894,20.2,1010,3.424,68.94,27.24,0.611,4.542,1.37701,0,1.37701,1.16366,0,93,270.2,22.66,12.83,79.91,0,0
0,2014,269,1757,1.25101,0,1.25101,20.19,1010,3.024,70.67,34.53,1.072,5.341,1.12665,0,1.12665,0.905070,0,93.2,270.4,22.59,12.83,79.39,0,0
0,2014,269,1758,0.973086,0,0.973086,20.16,1010,3.091,45.64,29.27,0.732,4.542,0.876287,0,0.876287,0.861976,0,93.4,270.5,22.54,12.84,79.08,0,0
0,2014,269,1759,0.834089,0,0.834089,20.16,1010,3.171,39.81,26.08,0.648,4.276,0.751105,0,0.751105,0.775781,0,93.6,270.6,22.46,12.84,79.07,0,0
0,2014,269,1800,0.787754,0,0.787754,20.18,1010,3.051,34.54,16.12,0.676,4.276,0.709379,0,0.709379,0.603387,0,93.8,270.8,22.4,12.84,79.2,0,0
0,2014,269,1801,0.695080,0,0.695080,20.2,1010,2.505,49.5,44.22,0.507,3.477,0.625926,0,0.625926,0.344794,0,94,270.9,22.36,12.82,79.22,0,0
0,2014,269,1802,0.741420,0,0.741420,20.2,1010,2.212,40.98,60.81,0.29,2.678,0.667656,0,0.667656,0.344795,0,94.3,271.1,22.29,12.83,79.09,0,0
0,2014,269,1803,0.695084,0,0.695084,20.17,1010,3.277,53.61,29.3,0.684,4.276,0.625930,0,0.625930,0.301697,0,94.5,271.2,22.25,12.84,79.17,0,0
0,2014,269,1804,0.370713,0,0.370713,20.15,1010,3.943,53.12,26.67,1.041,5.874,0.333830,0,0.333830,0.301698,0,94.7,271.3,22.21,12.83,79.62,0,0
0,2014,269,1805,0.092678,0,0.092678,20.09,1010,4.01,51.76,22.79,0.663,5.608,0.083458,0,0.083458,0.172399,0,94.9,271.5,22.14,12.83,79.79,0,0
0,2014,269,1806,0,0,0,20.07,1010,4.756,61.87,19.76,0.894,6.14,0,0,0,0.043100,0,95.1,271.6,22.1,12.83,80.1,0,0
0,2014,269,1807,0.092679,0,0.092679,20.03,1010,3.091,46.34,29.67,0.737,4.276,0.083458,0,0.083458,0.086200,0,95.3,271.8,22.06,12.84,80.3,0,0
0,2014,269,1808,0.092679,0,0.092679,20,1010,3.344,42.39,66.83,0.627,4.809,0.083458,0,0.083458,0.215501,0,95.5,271.9,22.02,12.83,80.3,0,0
0,2014,269,1809,0.046340,0,0.046340,19.99,1010,3.89,47.59,24.65,0.502,4.809,0.041729,0,0.041729,0.043100,0,95.7,272,21.96,12.83,80.3,0,0
0,2014,269,1810,0.046340,0,0.046340,19.97,1010,4.449,46.68,36.76,0.493,5.341,0.041729,0,0.041729,0.043100,0,95.9,272.2,21.9,12.83,80.5,0,0
0,2014,269,1811,0.046340,0,0.046340,19.95,1010,3.757,25.37,37.35,0.869,6.407,0.041729,0,0.041729,0,0,96.1,272.3,21.88,12.83,80.5,0,0
0,2014,269,1812,0,0,0,19.92,1010,4.662,43.4,39.13,1.096,6.673,0,0,0,0,0,96.4,272.5,21.82,12.82,80.6,0,0
0,2014,269,1813,0.092680,0,0.092680,19.9,1010,4.09,48.28,41.63,0.658,5.608,0.083459,0,0.083459,0.043100,0,96.6,272.6,21.78,12.83,80.6,0,0
0,2014,269,1814,0,0,0,19.91,1010,3.078,37.88,48.51,0.616,4.809,0,0,0,0,0,96.8,272.7,21.74,12.83,80.8,0,0
0,2014,269,1815,0.046340,0,0.046340,19.92,1010,3.464,38.14,15.07,0.522,4.809,0.041730,0,0.041730,0.043101,0,97,272.9,21.7,12.83,80.9,0,0
0,2014,269,1816,0,0,0,19.9,1010,3.251,54.28,31.55,0.701,5.075,0,0,0,0.129302,0,97.2,273,21.66,12.83,81.1,0,0
0,2014,269,1817,0,0,0,19.88,1010,3.011,32.2,50.22,0.82,5.075,0,0,0,0.086201,0,97.4,273.2,21.6,12.83,81.2,0,0
0,2014,269,1818,0,0,0,19.86,1010,2.731,25.75,36.67,0.481,3.743,0,0,0,0.043101,0,97.6,273.3,21.57,12.83,81.3,0,0
0,2014,269,1819,0,0,0,19.88,1010,3.397,57.81,28.49,0.653,4.276,0,0,0,0.129302,0,97.8,273.4,21.53,12.83,81.3,0,0
0,2014,269,1820,0,0,0,19.88,1010,3.131,42.05,28.25,0.859,4.542,0,0,0,0.043101,0,98,273.6,21.49,12.83,81.5,0,0
0,2014,269,1821,0.046340,0,0.046340,19.87,1010,3.411,34.38,17.6,0.595,5.075,0.041730,0,0.041730,0,0,98.2,273.7,21.45,12.83,81.7,0,0
0,2014,269,1822,0.046340,0,0.046340,19.84,1010,2.372,28.9,39.85,0.773,4.01,0.041730,0,0.041730,0,0,98.4,273.9,21.41,12.83,81.7,0,0
0,2014,269,1823,0,0,0,19.83,1010,2.705,30.1,43.29,0.699,3.743,0,0,0,0,0,98.6,274,21.37,12.83,81.5,0,0
0,2014,269,1824,0,0,0,19.81,1010,3.331,64.01,38.7,0.865,5.608,0,0,0,0.043101,0,98.9,274.1,21.33,12.83,81.7,0,0
0,2014,269,1825,0.046340,0,0.046340,19.8,1010,3.237,39.39,28.2,0.539,4.276,0.041730,0,0.041730,0.043101,0,99.1,274.3,21.3,12.83,81.5,0,0
0,2014,269,1826,0.046340,0,0.046340,19.8,1010,2.691,32.9,74.51,0.598,4.276,0.041730,0,0.041730,0.043101,0,99.3,274.4,21.26,12.83,81.7,0,0
0,2014,269,1827,0.139021,0,0.139021,19.78,1010,2.012,12.53,37.8,0.442,2.944,0.125190,0,0.125190,0,0,99.5,274.6,21.22,12.83,81.6,0,0
0,2014,269,1828,0.046340,0,0.046340,19.78,1010,3.397,74.9,36.42,0.625,4.276,0.041730,0,0.041730,0.043101,0,99.7,274.7,21.19,12.83,81.7,0,0
0,2014,269,1829,0.046340,0,0.046340,19.76,1010,2.865,30.38,44.18,0.378,3.477,0.041730,0,0.041730,0.043101,0,99.9,274.9,21.15,12.83,81.7,0,0
0,2014,269,1830,0.046340,0,0.046340,19.77,1010,3.224,48.96,62.14,0.627,4.276,0.041730,0,0.041730,0.043101,0,100.1,275,21.12,12.83,81.7,0,0
0,2014,269,1831,0.046340,0,0.046340,19.76,1010,2.825,29.26,47.05,0.783,4.809,0.041730,0,0.041730,0,0,100.3,275.1,21.08,12.79,81.6,0,0
0,2014,269,1832,0,0,0,19.77,1010,2.465,19.2,37.34,0.426,3.477,0,0,0,0,0,100.5,275.3,21.04,12.82,81.5,0,0
0,2014,269,1833,0,0,0,19.76,1010,2.252,23.17,29.52,0.457,3.211,0,0,0,0,0,100.7,275.4,21.03,12.82,81.4,0,0
0,2014,269,1834,0.046340,0,0.046340,19.77,1010,3.091,41.43,36.22,0.707,4.809,0.041730,0,0.041730,0.043101,0,100.9,275.6,20.99,12.82,81.5,0,0
0,2014,269,1835,0,0,0,19.77,1010,3.504,76.47,75.44,0.883,5.075,0,0,0,0,0,101.1,275.7,20.96,12.82,81.4,0,0
0,2014,269,1836,0.046341,0,0.046341,19.74,1010,2.865,6.379,39.29,0.477,3.743,0.041730,0,0.041730,0.043101,0,101.3,275.9,20.93,12.82,81.2,0,0
0,2014,269,1837,0,0,0,19.74,1010,2.891,2.126,47.8,0.466,3.743,0,0,0,0.043101,0,101.6,276,20.89,12.82,81,0,0
0,2014,269,1838,0.046341,0,0.046341,19.74,1010,2.771,35.27,54.93,0.615,4.01,0.041730,0,0.041730,0.043101,0,101.8,276.1,20.88,12.82,80.8,0,0
0,2014,269,1839,0,0,0,19.75,1010,2.771,19.38,39.47,0.463,3.743,0,0,0,0.129303,0,102,276.3,20.84,12.82,80.7,0,0
0,2014,269,1840,0,0,0,19.77,1010,2.279,339.2,65.16,0.587,3.477,0,0,0,0.043101,0,102.2,276.4,20.83,12.82,80.5,0,0
0,2014,269,1841,0,0,0,19.79,1010,3.264,15.41,34.26,0.727,4.809,0,0,0,0.043101,0,102.4,276.6,20.8,12.82,80.2,0,0
0,2014,269,1842,0,0,0,19.83,1010,3.078,15.01,47.16,0.702,4.276,0,0,0,0.086202,0,102.6,276.7,20.77,12.82,80.2,0,0
0,2014,269,1843,0,0,0,19.85,1010,2.492,10.21,47.89,0.348,3.211,0,0,0,0.172404,0,102.8,276.9,20.74,12.82,80.1,0,0
0,2014,269,1844,0,0,0,19.88,1010,2.279,24.6,42.73,0.604,4.01,0,0,0,0.215505,0,103,277,20.72,12.82,79.95,0,0
0,2014,269,1845,0.092681,0,0.092681,19.86,1010,3.158,55.36,55.39,0.562,4.542,0.083460,0,0.083460,0.043101,0,103.2,277.2,20.7,12.82,79.74,0,0
0,2014,269,1846,0,0,0,19.86,1010,2.438,30.45,74.98,0.79,4.01,0,0,0,0,0,103.4,277.3,20.68,12.82,79.73,0,0
0,2014,269,1847,0,0,0,19.87,1010,1.959,7.244,49.45,0.338,2.678,0,0,0,0,0,103.6,277.5,20.66,12.82,79.71,0,0
0,2014,269,1848,0.092682,0,0.092682,19.88,1010,2.225,317.6,43.91,0.506,3.211,0.083461,0,0.083461,0.043101,0,103.8,277.6,20.64,12.82,79.52,0,0
0,2014,269,1849,0.046341,0,0.046341,19.9,1010,2.412,21.01,94.8,0.829,4.01,0.041731,0,0.041731,0.086203,0,104,277.7,20.62,12.82,79.55,0,0
0,2014,269,1850,0,0,0,19.89,1010,1.906,349.2,43.82,0.564,2.944,0,0,0,0.043102,0,104.2,277.9,20.6,12.82,79.63,0,0
0,2014,269,1851,0.046341,0,0.046341,19.9,1010,2.199,1.807,88.2,0.727,4.542,0.041731,0,0.041731,0.043102,0,104.4,278,20.57,12.82,79.61,0,0
0,2014,269,1852,0,0,0,19.89,1010,2.372,14.31,59.03,0.626,3.477,0,0,0,0,0,104.6,278.2,20.56,12.82,79.69,0,0
0,2014,269,1853,0,0,0,19.88,1010,2.798,22.3,40.34,0.639,4.01,0,0,0,0.043102,0,104.9,278.3,20.54,12.82,79.82,0,0
0,2014,269,1854,0,0,0,19.87,1010,1.613,47.12,98,0.404,2.678,0,0,0,0.043102,0,105.1,278.5,20.5,12.82,79.84,0,0
0,2014,269,1855,0,0,0,19.86,1010,2.119,22.06,67.19,0.525,2.944,0,0,0,0,0,105.3,278.6,20.5,12.82,79.73,0,0
0,2014,269,1856,0.046343,0,0.046343,19.86,1010,1.719,18.48,60.74,0.284,2.145,0.041732,0,0.041732,0.129308,0,105.5,278.8,20.48,12.81,79.87,0,0
0,2014,269,1857,0,0,0,19.86,1010,2.398,359,55.63,0.644,3.477,0,0,0,0.043103,0,105.7,278.9,20.46,12.81,79.73,0,0
0,2014,269,1858,0,0,0,19.83,1010,2.705,8.08,85.7,0.663,4.01,0,0,0,0.086206,0,105.9,279.1,20.45,12.81,79.86,0,0
0,2014,269,1859,0,0,0,19.8,1010,2.265,82,97.7,0.529,2.944,0,0,0,-0.431035,0,106.1,279.2,20.42,12.81,79.83,0,0
0,2014,269,1900,0,0,0,19.81,1010,2.478,352.2,63.51,0.63,4.01,0,0,0,-0.862070,0,106.3,279.4,20.4,12.81,80.1,0,0
0,2014,269,1901,0,0,0,19.79,1010,2.718,40.34,54.92,0.773,4.542,0,0,0,-0.818974,0,106.5,279.5,20.4,12.79,80.3,0,0
0,2014,269,1902,0,0,0,19.81,1010,1.919,335,51.32,0.379,2.412,0,0,0,-0.818976,0,106.7,279.7,20.37,12.8,80.6,0,0
0,2014,269,1903,0,0,0,19.81,1010,1.919,314.4,62.41,0.597,2.944,0,0,0,-0.862081,0,106.9,279.8,20.36,12.81,80.7,0,0
0,2014,269,1904,0,0,0,19.82,1010,1.599,314.8,76.68,0.529,2.678,0,0,0,-0.818982,0,107.1,280,20.34,12.81,80.8,0,0
0,2014,269,1905,0,0,0,19.8,1010,1.493,330.2,37.74,0.449,2.678,0,0,0,-0.818982,0,107.3,280.1,20.33,12.81,80.8,0,0
0,2014,269,1906,0,0,0,19.77,1010,1.733,1.034,26.92,0.362,2.412,0,0,0,-0.862087,0,107.5,280.3,20.3,12.81,80.9,0,0
0,2014,269,1907,0,0,0,19.73,1010,1.693,358.2,73.72,0.454,2.412,0,0,0,-0.862090,0,107.7,280.4,20.29,12.81,80.9,0,0
0,2014,269,1908,0,0,0,19.73,1010,1.546,101.7,93.6,0.412,2.678,0,0,0,-0.818988,0,107.9,280.6,20.29,12.81,81.1,0,0
0,2014,269,1909,0,0,0,19.74,1010,1.759,312.9,63.39,0.259,2.145,0,0,0,-0.818991,0,108.1,280.7,20.26,12.81,81,0,0
0,2014,269,1910,0,0,0,19.74,1010,1.946,278.4,42.53,0.635,3.743,0,0,0,-0.775887,0,108.3,280.9,20.25,12.81,80.8,0,0
0,2014,269,1911,0,0,0,19.75,1010,2.039,353.7,80.7,0.567,2.944,0,0,0,-0.862096,0,108.5,281,20.24,12.81,80.9,0,0
0,2014,269,1912,0,0,0,19.78,1010,2.638,253.9,78.11,0.716,4.276,0,0,0,-0.862094,0,108.7,281.2,20.21,12.81,80.9,0,0
0,2014,269,1913,0,0,0,19.8,1010,1.48,42.36,86.5,0.372,2.145,0,0,0,-0.818990,0,108.9,281.3,20.2,12.81,81,0,0
0,2014,269,1914,0,0,0,19.78,1010,1.586,319,64.99,0.571,2.412,0,0,0,-0.862096,0,109.1,281.5,20.18,12.81,81,0,0
0,2014,269,1915,0,0,0,19.79,1010,1.4,322.7,62.7,0.247,1.879,0,0,0,-0.775888,0,109.4,281.6,20.17,12.81,81.2,0,0
0,2014,269,1916,0,0,0,19.77,1010,2.305,352.5,99.2,0.494,3.743,0,0,0,-0.818997,0,109.6,281.8,20.15,12.79,81.1,0,0
0,2014,269,1917,0,0,0,19.76,1010,1.573,21.53,54.57,0.471,2.412,0,0,0,-0.862104,0,109.8,282,20.13,12.8,81.3,0,0
0,2014,269,1918,0,0,0,19.74,1010,1.346,354.7,50.83,0.253,1.879,0,0,0,-0.862109,0,110,282.1,20.13,12.81,81.3,0,0
0,2014,269,1919,0,0,0,19.71,1010,1.906,37.4,78.29,0.291,2.678,0,0,0,-0.819007,0,110.2,282.3,20.12,12.81,81.5,0,0
0,2014,269,1920,0,0,0,19.69,1010,1.786,90,84.5,0.35,2.412,0,0,0,-0.862116,0,110.4,282.4,20.1,12.81,81.5,0,0
0,2014,269,1921,0,0,0,19.66,1010,1.786,35.1,63.7,0.44,2.944,0,0,0,-0.819015,0,110.6,282.6,20.08,12.81,81.7,0,0
0,2014,269,1922,0,0,0,19.63,1010,2.039,27.16,45.15,0.567,3.211,0,0,0,-0.862124,0,110.8,282.7,20.08,12.81,81.8,0,0
0,2014,269,1923,0,0,0,19.58,1010,1.693,4.974,33.3,0.268,2.145,0,0,0,-0.862127,0,111,282.9,20.05,12.8,81.6,0,0
0,2014,269,1924,0,0,0,19.53,1010,2.039,30.02,64.67,0.38,3.211,0,0,0,-0.775918,0,111.2,283,20.02,12.8,81.6,0,0
0,2014,269,1925,0,0,0,19.49,1010,2.185,335.3,49.68,0.35,2.944,0,0,0,-0.862131,0,111.4,283.2,20.02,12.8,81.6,0,0
0,2014,269,1926,0,0,0,19.46,1010,2.159,18.1,45.22,0.352,2.944,0,0,0,-0.819024,0,111.6,283.4,20,12.8,81.4,0,0
0,2014,269,1927,0,0,0,19.42,1010,2.612,19.36,53.12,0.46,3.477,0,0,0,-0.775918,0,111.8,283.5,19.97,12.8,81.4,0,0
0,2014,269,1928,0,0,0,19.37,1010,2.092,37.75,44.15,0.274,2.412,0,0,0,-0.819025,0,112,283.7,19.97,12.8,81.4,0,0
0,2014,269,1929,0,0,0,19.35,1010,2.398,32.15,38.21,0.844,4.01,0,0,0,-0.775920,0,112.2,283.8,19.96,12.8,81.4,0,0
0,2014,269,1930,0,0,0,19.3,1010,2.865,23.13,58.12,0.422,3.743,0,0,0,-0.819029,0,112.4,284,19.94,12.8,81.2,0,0
0,2014,269,1931,0,0,0,19.26,1010,2.385,343.6,58.58,0.403,3.211,0,0,0,-0.862139,0,112.6,284.2,19.92,12.77,80.7,0,0
0,2014,269,1932,0,0,0,19.24,1010,3.064,15.56,45.36,0.598,4.01,0,0,0,-0.819037,0,112.8,284.3,19.9,12.79,80.4,0,0
0,2014,269,1933,0,0,0,19.25,1010,2.998,46.14,55.64,0.611,4.809,0,0,0,-0.819042,0,113,284.5,19.89,12.8,79.89,0,0
0,2014,269,1934,0,0,0,19.28,1010,2.718,11.04,41.44,0.423,3.477,0,0,0,-0.689722,0,113.2,284.6,19.88,12.79,79.53,0,0
0,2014,269,1935,0,0,0,19.31,1010,2.532,359.2,80.9,0.746,4.01,0,0,0,-0.775940,0,113.4,284.8,19.86,12.79,79.43,0,0
0,2014,269,1936,0,0,0,19.35,1010,2.718,26.1,52.34,0.643,4.01,0,0,0,-0.905266,0,113.6,285,19.86,12.8,79.24,0,0
0,2014,269,1937,0,0,0,19.36,1010,2.518,15.87,59.6,0.529,3.477,0,0,0,-0.819053,0,113.8,285.1,19.84,12.8,79.18,0,0
0,2014,269,1938,0,0,0,19.35,1010,2.199,352.4,52.52,0.343,2.944,0,0,0,-0.862167,0,114,285.3,19.82,12.8,79.29,0,0
0,2014,269,1939,0,0,0,19.33,1010,2.412,20.38,68.94,0.619,4.276,0,0,0,-0.819062,0,114.2,285.5,19.81,12.8,79.54,0,0
0,2014,269,1940,0,0,0,19.34,1010,2.225,21.54,61.52,0.566,3.477,0,0,0,-0.862173,0,114.4,285.6,19.81,12.79,79.71,0,0
0,2014,269,1941,0,0,0,19.33,1010,2.132,7.288,58.83,0.39,2.944,0,0,0,-0.819067,0,114.6,285.8,19.8,12.8,79.88,0,0
0,2014,269,1942,0,0,0,19.35,1010,2.558,359.4,57.77,0.32,3.211,0,0,0,-0.819068,0,114.8,286,19.77,12.8,80.1,0,0
0,2014,269,1943,0,0,0,19.35,1010,2.465,15.48,56.1,0.523,3.743,0,0,0,-0.862177,0,115,286.1,19.76,12.8,80.4,0,0
0,2014,269,1944,0,0,0,19.34,1010,2.385,18.24,38.07,0.403,2.944,0,0,0,-0.862178,0,115.2,286.3,19.76,12.8,80.5,0,0
0,2014,269,1945,0,0,0,19.33,1010,2.265,44.57,63.97,0.495,3.477,0,0,0,-0.775960,0,115.4,286.5,19.74,12.8,80.7,0,0
0,2014,269,1946,0,0,0,19.34,1010,2.279,25.33,65.06,0.495,3.211,0,0,0,-0.862178,0,115.6,286.6,19.73,12.79,81,0,0
0,2014,269,1947,0,0,0,19.32,1010,2.532,31.48,55.44,0.542,3.743,0,0,0,-0.862177,0,115.8,286.8,19.72,12.79,81.2,0,0
0,2014,269,1948,0,0,0,19.3,1010,2.385,28.03,33.24,0.221,2.678,0,0,0,-0.819068,0,116,287,19.7,12.79,81.4,0,0
0,2014,269,1949,0,0,0,19.27,1010,2.492,45.52,40.33,0.462,3.211,0,0,0,-0.819067,0,116.2,287.1,19.69,12.79,81.7,0,0
0,2014,269,1950,0,0,0,19.27,1010,2.452,49.17,39.68,0.37,3.211,0,0,0,-0.905290,0,116.4,287.3,19.68,12.79,82.1,0,0
0,2014,269,1951,0,0,0,19.25,1010,2.105,27.78,50.36,0.34,2.944,0,0,0,-0.775967,0,116.6,287.5,19.65,12.79,82.3,0,0
0,2014,269,1952,0,0,0,19.26,1010,2.572,43.73,32.45,0.284,3.211,0,0,0,-0.775971,0,116.8,287.6,19.65,12.79,82.7,0,0
0,2014,269,1953,0,0,0,19.26,1010,2.319,42.36,22.33,0.388,2.944,0,0,0,-0.862199,0,117,287.8,19.64,12.79,82.9,0,0
0,2014,269,1954,0,0,0,19.24,1010,2.572,42.61,42.75,0.464,3.477,0,0,0,-0.819092,0,117.2,288,19.63,12.79,83.1,0,0
0,2014,269,1955,0,0,0,19.24,1010,2.718,48.91,36.87,0.295,3.477,0,0,0,-0.732874,0,117.4,288.2,19.6,12.79,83.3,0,0
0,2014,269,1956,0,0,0,19.24,1010,3.291,45.2,27.76,0.566,4.542,0,0,0,-0.819096,0,117.6,288.3,19.6,12.79,83.1,0,0
0,2014,269,1957,0,0,0,19.26,1010,2.731,42.16,43.03,0.543,3.477,0,0,0,-0.862209,0,117.8,288.5,19.59,12.79,83.2,0,0
0,2014,269,1958,0,0,0,19.28,1010,2.984,42.02,31.1,0.541,4.01,0,0,0,-0.862212,0,118,288.7,19.56,12.79,83.1,0,0
0,2014,269,1959,0,0,0,19.28,1010,2.572,26.4,45.31,0.501,3.477,0,0,0,-0.775992,0,118.2,288.9,19.56,12.79,83,0,0
0,2014,269,2000,0,0,0,19.28,1010,2.438,41.84,30.39,0.366,3.211,0,0,0,-0.862213,0,118.4,289,19.55,12.79,83,0,0
0,2014,269,2001,0,0,0,19.28,1010,1.972,20.06,45.81,0.295,2.678,0,0,0,-0.862213,0,118.6,289.2,19.53,12.76,82.9,0,0
0,2014,269,2002,0,0,0,19.27,1010,2.172,29.07,28.34,0.237,2.412,0,0,0,-0.646658,0,118.8,289.4,19.52,12.78,82.9,0,0
0,2014,269,2003,0,0,0,19.27,1010,2.625,60.23,27.43,0.481,3.743,0,0,0,-0.775989,0,119,289.6,19.51,12.79,82.9,0,0
0,2014,269,2004,0,0,0,19.27,1010,2.066,46.07,40.88,0.492,3.211,0,0,0,-0.819097,0,119.1,289.7,19.49,12.78,83,0,0
0,2014,269,2005,0,0,0,19.26,1010,2.132,28.99,19.18,0.598,4.01,0,0,0,-0.862204,0,119.3,289.9,19.49,12.78,82.8,0,0
0,2014,269,2006,0,0,0,19.25,1010,2.185,36.49,40.79,0.388,3.211,0,0,0,-0.732873,0,119.5,290.1,19.47,12.79,82.9,0,0
0,2014,269,2007,0,0,0,19.25,1010,2.265,82,47.45,0.568,3.211,0,0,0,0.129330,0,119.7,290.3,19.46,12.79,82.8,0,0
0,2014,269,2008,0,0,0,19.23,1010,2.026,36.36,35.87,0.502,3.477,0,0,0,0.043110,0,119.9,290.5,19.44,12.79,82.6,0,0
0,2014,269,2009,0,0,0,19.22,1010,2.172,46.65,54.91,0.545,2.944,0,0,0,0.129329,0,120.1,290.6,19.44,12.79,82.6,0,0
0,2014,269,2010,0,0,0,19.21,1010,1.599,24.07,39.22,0.39,2.412,0,0,0,0.043110,0,120.3,290.8,19.43,12.79,82.5,0,0
0,2014,269,2011,0.092699,0,0.092699,19.21,1010,1.613,7.831,55.53,0.206,1.879,0.083477,0,0.083477,0.172438,0,120.5,291,19.42,12.79,82.5,0,0
0,2014,269,2012,0,0,0,19.21,1010,1.866,17.51,66.41,0.502,2.678,0,0,0,0.086219,0,120.7,291.2,19.4,12.78,82.3,0,0
0,2014,269,2013,0,0,0,19.21,1010,2.079,47.6,44.87,0.385,2.944,0,0,0,0.043109,0,120.9,291.4,19.39,12.79,82.3,0,0
0,2014,269,2014,0.046349,0,0.046349,19.19,1010,1.826,28.39,75.66,0.391,2.678,0.041738,0,0.041738,0.172437,0,121.1,291.6,19.39,12.79,82.4,0,0
0,2014,269,2015,0.092699,0,0.092699,19.17,1010,2.039,22.04,49.39,0.681,3.211,0.083476,0,0.083476,0.043109,0,121.3,291.7,19.36,12.78,82.4,0,0
0,2014,269,2016,0.046349,0,0.046349,19.17,1010,2.012,27.52,41.25,0.516,3.211,0.041738,0,0.041738,0.043109,0,121.5,291.9,19.35,12.78,82.5,0,0
0,2014,269,2017,0,0,0,19.16,1010,2.185,55.8,35.67,0.397,2.944,0,0,0,0.043109,0,121.7,292.1,19.34,12.78,82.7,0,0
0,2014,269,2018,0.046349,0,0.046349,19.17,1010,2.279,49.68,27.71,0.352,2.944,0.041738,0,0.041738,0,0,121.9,292.3,19.34,12.78,82.8,0,0
0,2014,269,2019,0.092699,0,0.092699,19.16,1010,2.771,52.68,21.55,0.295,3.477,0.083476,0,0.083476,0.086219,0,122.1,292.5,19.32,12.78,82.9,0,0
0,2014,269,2020,0,0,0,19.17,1010,2.199,62.27,48.74,0.622,3.211,0,0,0,0.172437,0,122.2,292.7,19.31,12.78,83,0,0
0,2014,269,2021,0,0,0,19.19,1010,2.398,49.99,22.83,0.433,3.211,0,0,0,0.172437,0,122.4,292.9,19.3,12.78,83.1,0,0
0,2014,269,2022,0.046349,0,0.046349,19.19,1010,1.959,37.38,46.08,0.485,2.944,0.041738,0,0.041738,0.086219,0,122.6,293.1,19.28,12.78,83,0,0
0,2014,269,2023,0,0,0,19.18,1010,2.651,58,21.58,0.613,3.477,0,0,0,0.129328,0,122.8,293.3,19.28,12.78,83,0,0
0,2014,269,2024,0,0,0,19.18,1010,2.292,43.68,21.99,0.433,2.944,0,0,0,0.086218,0,123,293.5,19.27,12.78,83.2,0,0
0,2014,269,2025,0.046349,0,0.046349,19.2,1010,2.731,50.3,18,0.442,3.743,0.041738,0,0.041738,0,0,123.2,293.6,19.25,12.78,83.2,0,0
0,2014,269,2026,0,0,0,19.22,1010,2.598,52.2,23.86,0.813,3.743,0,0,0,0.086218,0,123.4,293.8,19.23,12.78,83.3,0,0
0,2014,269,2027,0,0,0,19.22,1010,2.452,46.52,33.27,0.486,3.477,0,0,0,0.129327,0,123.6,294,19.23,12.78,83.2,0,0
0,2014,269,2028,0,0,0,19.2,1010,2.572,56.94,25.28,0.416,3.477,0,0,0,0.086218,0,123.8,294.2,19.23,12.76,83.2,0,0
0,2014,269,2029,0.046349,0,0.046349,19.2,1010,1.986,56.87,26.56,0.407,2.678,0.041738,0,0.041738,0.086219,0,124,294.4,19.22,12.78,83.3,0,0
0,2014,269,2030,0,0,0,19.19,1010,2.678,68.86,31.84,0.891,4.809,0,0,0,0.043109,0,124.1,294.6,19.21,12.78,83.3,0,0
0,2014,269,2031,0.092699,0,0.092699,19.2,1010,2.239,44.24,28.63,0.686,4.01,0.083477,0,0.083477,0.086219,0,124.3,294.8,19.19,12.75,83.3,0,0
0,2014,269,2032,0,0,0,19.19,1010,1.426,46.22,34.76,0.316,2.145,0,0,0,0.043110,0,124.5,295,19.18,12.77,83.2,0,0
0,2014,269,2033,0.046350,0,0.046350,19.18,1010,1.959,59.65,24.76,0.358,2.678,0.041739,0,0.041739,0.129329,0,124.7,295.2,19.18,12.78,83.2,0,0
0,2014,269,2034,0.092700,0,0.092700,19.17,1010,1.466,51.99,41.42,0.245,1.879,0.083477,0,0.083477,0.086220,0,124.9,295.4,19.17,12.77,83.3,0,0
0,2014,269,2035,0,0,0,19.16,1010,1.32,64.56,66.03,0.453,2.145,0,0,0,0.086220,0,125.1,295.6,19.15,12.77,83.3,0,0
0,2014,269,2036,0,0,0,19.17,1010,1.879,64.9,37.05,0.663,2.944,0,0,0,0.215549,0,125.3,295.8,19.15,12.78,83.2,0,0
0,2014,269,2037,0.092700,0,0.092700,19.18,1010,1.813,72.68,34.25,0.385,2.678,0.083477,0,0.083477,0.043110,0,125.5,296,19.14,12.78,83.3,0,0
0,2014,269,2038,0.046350,0,0.046350,19.18,1010,0.894,49.01,68.7,0.224,1.346,0.041739,0,0.041739,0.086220,0,125.6,296.2,19.13,12.78,83.2,0,0
0,2014,269,2039,0,0,0,19.17,1010,1.679,159.3,43.75,0.403,2.145,0,0,0,0.086220,0,125.8,296.4,19.13,12.77,83.1,0,0
0,2014,269,2040,0.046350,0,0.046350,19.18,1010,1.213,341.6,96,0.408,1.879,0.041739,0,0.041739,0.129330,0,126,296.6,19.12,12.78,82.9,0,0
0,2014,269,2041,0,0,0,19.17,1010,0.34,36.43,45.84,0.363,1.08,0,0,0,0.043110,0,126.2,296.9,19.1,12.77,82.9,0,0
0,2014,269,2042,0.139051,0,0.139051,19.21,1010,0.639,307.8,78.73,0.246,0.814,0.125217,0,0.125217,0.043110,0,126.4,297.1,19.08,12.77,82.9,0,0
0,2014,269,2043,0.046350,0,0.046350,19.23,1010,0.931,217.9,75.33,0.484,1.613,0.041739,0,0.041739,0.086221,0,126.6,297.3,19.08,12.77,82.8,0,0
0,2014,269,2044,0,0,0,19.23,1010,1.173,262.8,91.3,0.211,1.613,0,0,0,0,0,126.8,297.5,19.06,12.77,82.8,0,0
0,2014,269,2045,0.092702,0,0.092702,19.25,1010,0.96,46.83,46.36,0.23,1.346,0.083479,0,0.083479,0.086221,0,126.9,297.7,19.05,12.77,82.7,0,0
0,2014,269,2046,0.046351,0,0.046351,19.23,1010,0.464,55.39,76.45,0.287,0.814,0.041739,0,0.041739,0,0,127.1,297.9,19.05,12.77,82.7,0,0
0,2014,269,2047,0,0,0,19.24,1010,0.354,98.8,51.66,0.334,0.814,0,0,0,0,0,127.3,298.1,19.02,12.77,82.6,0,0
0,2014,269,2048,0.046351,0,0.046351,19.25,1010,0.3,288.5,32.27,0.343,0.814,0.041740,0,0.041740,0.086222,0,127.5,298.3,19.02,12.77,82.6,0,0
0,2014,269,2049,0,0,0,19.25,1010,0.706,94.4,53.79,0.275,1.08,0,0,0,0.043111,0,127.7,298.6,19.01,12.77,82.6,0,0
0,2014,269,2050,0.092703,0,0.092703,19.24,1010,1.293,63.8,17.48,0.181,1.613,0.083479,0,0.083479,0.129333,0,127.9,298.8,19,12.77,82.7,0,0
0,2014,269,2051,0.046351,0,0.046351,19.2,1010,1.093,103.3,42.9,0.157,1.346,0.041740,0,0.041740,0.086222,0,128,299,18.99,12.76,82.9,0,0
0,2014,269,2052,0.046351,0,0.046351,19.23,1010,1.227,10.55,55.17,0.245,1.613,0.041740,0,0.041740,0,0,128.2,299.2,18.97,12.76,82.9,0,0
0,2014,269,2053,0,0,0,19.23,1010,1.493,58.3,38.66,0.309,2.145,0,0,0,0.043111,0,128.4,299.4,18.97,12.76,82.9,0,0
0,2014,269,2054,0.046351,0,0.046351,19.21,1010,0.934,53.66,28.6,0.157,1.08,0.041740,0,0.041740,0.086222,0,128.6,299.6,18.96,12.76,83.2,0,0
0,2014,269,2055,0,0,0,19.22,1010,1.253,50.39,64.42,0.242,1.613,0,0,0,0.086222,0,128.8,299.9,18.95,12.76,83.2,0,0
0,2014,269,2056,0.046351,0,0.046351,19.23,1010,1.147,51.45,46.85,0.221,1.613,0.041740,0,0.041740,0,0,128.9,300.1,18.95,12.76,83.1,0,0
0,2014,269,2057,0.092702,0,0.092702,19.22,1010,1.386,43.3,27.84,0.174,1.613,0.083479,0,0.083479,0,0,129.1,300.3,18.92,12.76,83.2,0,0
0,2014,269,2058,0.092702,0,0.092702,19.22,1010,1.813,94.2,77.53,0.49,2.944,0.083479,0,0.083479,0.043111,0,129.3,300.5,18.92,12.76,83.2,0,0
0,2014,269,2059,0.046351,0,0.046351,19.21,1010,1.932,39.86,60.39,0.622,3.477,0.041739,0,0.041739,0.172441,0,129.5,300.8,18.91,12.76,83.2,0,0
0,2014,269,2100,0.092701,0,0.092701,19.17,1010,1.706,44,52.61,0.706,2.944,0.083478,0,0.083478,0.043110,0,129.7,301,18.89,12.76,83.1,0,0
0,2014,269,2101,0,0,0,19.15,1010,1.666,40.25,65.3,0.311,2.145,0,0,0,0.043110,0,129.8,301.2,18.89,12.74,83.3,0,0
0,2014,269,2102,0.092702,0,0.092702,19.12,1010,1.999,38.39,21.9,0.297,2.678,0.083479,0,0.083479,0.129332,0,130,301.5,18.87,12.76,83.4,0,0
0,2014,269,2103,0,0,0,19.08,1010,1.746,36.17,17.86,0.321,2.412,0,0,0,0.086221,0,130.2,301.7,18.87,12.76,83.5,0,0
0,2014,269,2104,0.046351,0,0.046351,19.05,1010,1.946,53.4,32.42,0.221,2.412,0.041739,0,0.041739,0.043111,0,130.4,301.9,18.87,12.76,83.7,0,0
0,2014,269,2105,0.092702,0,0.092702,19.01,1010,1.906,36.66,25.68,0.429,2.678,0.083479,0,0.083479,0.043111,0,130.5,302.1,18.87,12.76,83.6,0,0
0,2014,269,2106,0,0,0,18.99,1010,2.625,59.65,29.78,0.587,3.477,0,0,0,0.043111,0,130.7,302.4,18.86,12.76,83.5,0,0
0,2014,269,2107,0.046351,0,0.046351,19.02,1010,2.079,36.9,29.77,0.403,2.678,0.041739,0,0.041739,0.086221,0,130.9,302.6,18.84,12.76,83.4,0,0
0,2014,269,2108,0.046351,0,0.046351,19.02,1010,1.892,55.26,33.51,0.408,2.678,0.041739,0,0.041739,0.129331,0,131.1,302.9,18.82,12.76,83.3,0,0
0,2014,269,2109,0.046351,0,0.046351,19.02,1010,2.265,49.33,25.8,0.516,3.477,0.041739,0,0.041739,0.086221,0,131.2,303.1,18.82,12.76,83.3,0,0
0,2014,269,2110,0.046351,0,0.046351,19.03,1010,2.199,34.13,15.93,0.274,2.678,0.041739,0,0.041739,0.129331,0,131.4,303.3,18.79,12.76,83.4,0,0
0,2014,269,2111,0.046351,0,0.046351,19.03,1010,2.332,52.73,26.8,0.596,3.477,0.041739,0,0.041739,0,0,131.6,303.6,18.79,12.76,83.4,0,0
0,2014,269,2112,0.139053,0,0.139053,19.05,1010,2.026,63.04,54.06,0.465,2.678,0.125218,0,0.125218,0,0,131.8,303.8,18.79,12.76,83.4,0,0
0,2014,269,2113,0.046351,0,0.046351,19.05,1010,2.319,27.34,49.34,0.609,3.743,0.041740,0,0.041740,0.086222,0,131.9,304.1,18.79,12.76,83.4,0,0
0,2014,269,2114,0,0,0,19.04,1010,1.959,28.64,23.33,0.338,2.412,0,0,0,0.086223,0,132.1,304.3,18.79,12.76,83.4,0,0
0,2014,269,2115,0.046352,0,0.046352,19.02,1010,1.813,28.43,28.81,0.314,2.412,0.041740,0,0.041740,0.172446,0,132.3,304.5,18.78,12.76,83.5,0,0
0,2014,269,2116,0.185408,0,0.185408,18.99,1010,2.026,30.05,20.78,0.417,2.678,0.166961,0,0.166961,0.172447,0,132.4,304.8,18.77,12.75,83.7,0,0
0,2014,269,2117,0.046352,0,0.046352,18.98,1010,2.265,44.35,22.4,0.197,2.678,0.041741,0,0.041741,0.086224,0,132.6,305,18.77,12.75,83.9,0,0
0,2014,269,2118,0,0,0,18.98,1010,2.066,34.71,21.32,0.24,2.678,0,0,0,0.129336,0,132.8,305.3,18.75,12.76,83.9,0,0
0,2014,269,2119,0,0,0,18.97,1010,2.745,53.78,20.07,0.49,3.743,0,0,0,0.086224,0,133,305.5,18.75,12.76,84,0,0
0,2014,269,2120,0.092704,0,0.092704,18.99,1010,2.612,54.44,68.57,0.785,4.276,0.083481,0,0.083481,0,0,133.1,305.8,18.74,12.75,84.1,0,0
0,2014,269,2121,0.046352,0,0.046352,18.97,1010,2.918,53.12,21.38,0.571,4.01,0.041740,0,0.041740,0.043112,0,133.3,306.1,18.74,12.74,83.7,0,0
0,2014,269,2122,0,0,0,18.93,1010,2.838,46.93,36.72,0.501,3.743,0,0,0,0.086223,0,133.5,306.3,18.74,12.75,83.5,0,0
0,2014,269,2123,0.139056,0,0.139056,18.93,1010,3.557,52.88,14.6,0.625,4.809,0.125221,0,0.125221,0.172446,0,133.6,306.6,18.74,12.75,83.4,0,0
0,2014,269,2124,0.046352,0,0.046352,18.96,1010,3.517,54.31,31.98,0.701,4.809,0.041740,0,0.041740,0.129335,0,133.8,306.8,18.74,12.75,83.3,0,0
0,2014,269,2125,0.046352,0,0.046352,18.98,1010,3.144,53.95,25.79,0.545,4.276,0.041740,0,0.041740,0.043112,0,134,307.1,18.74,12.75,83.2,0,0
0,2014,269,2126,0,0,0,18.97,1010,2.998,32.39,22.99,0.473,4.01,0,0,0,0.172447,0,134.1,307.3,18.73,12.75,83.1,0,0
0,2014,269,2127,0.046352,0,0.046352,18.96,1010,3.131,44.04,29.71,0.54,4.276,0.041741,0,0.041741,0.172448,0,134.3,307.6,18.71,12.75,83,0,0
0,2014,269,2128,0,0,0,18.92,1010,3.011,47.39,26.98,0.504,4.01,0,0,0,0.086225,0,134.5,307.9,18.71,12.75,83,0,0
0,2014,269,2129,0.046353,0,0.046353,18.92,1010,2.598,28.24,50.27,0.71,4.01,0.041741,0,0.041741,0.215562,0,134.6,308.1,18.71,12.75,83,0,0
0,2014,269,2130,0.092706,0,0.092706,18.9,1010,2.572,24.47,24.21,0.515,3.477,0.083483,0,0.083483,0.086225,0,134.8,308.4,18.71,12.75,82.9,0,0
0,2014,269,2131,0.092707,0,0.092707,18.9,1010,3.291,30.51,14.94,0.358,4.01,0.083483,0,0.083483,0.043113,0,134.9,308.7,18.71,12.73,83.1,0,0
0,2014,269,2132,0,0,0,18.91,1010,2.518,38.4,30.73,0.433,3.477,0,0,0,0.215565,0,135.1,308.9,18.69,12.74,83,0,0
0,2014,269,2133,0,0,0,18.89,1010,2.319,31.68,31.26,0.406,2.944,0,0,0,0.043113,0,135.3,309.2,18.71,12.75,82.9,0,0
0,2014,269,2134,0.046353,0,0.046353,18.9,1010,2.731,37.51,29.16,0.925,4.01,0.041742,0,0.041742,0.129339,0,135.4,309.5,18.69,12.75,82.9,0,0
0,2014,269,2135,0.046353,0,0.046353,18.88,1010,2.612,51.19,26.87,0.385,3.211,0.041741,0,0.041741,0.086225,0,135.6,309.8,18.69,12.74,82.8,0,0
0,2014,269,2136,0.046353,0,0.046353,18.89,1010,2.172,55.3,38.65,0.412,2.944,0.041741,0,0.041741,0.086225,0,135.7,310,18.69,12.75,82.7,0,0
0,2014,269,2137,0.092706,0,0.092706,18.87,1010,2.252,39.78,22.6,0.441,2.944,0.083482,0,0.083482,0.215562,0,135.9,310.3,18.69,12.75,82.6,0,0
0,2014,269,2138,0,0,0,18.84,1010,1.839,42.5,39.69,0.463,2.678,0,0,0,0.172450,0,136.1,310.6,18.69,12.75,82.7,0,0
0,2014,269,2139,0,0,0,18.83,1010,1.373,347.1,54.93,0.221,1.879,0,0,0,0.129338,0,136.2,310.9,18.69,12.75,82.7,0,0
0,2014,269,2140,0,0,0,18.82,1010,1.293,5.246,39.6,0.434,2.145,0,0,0,0.129338,0,136.4,311.1,18.69,12.75,82.6,0,0
0,2014,269,2141,0.092706,0,0.092706,18.79,1010,1.293,6.493,57.82,0.4,2.145,0.083483,0,0.083483,0.043113,0,136.5,311.4,18.69,12.75,82.6,0,0
0,2014,269,2142,0.046353,0,0.046353,18.78,1010,1.267,1.768,50.77,0.305,1.879,0.041741,0,0.041741,0.258676,0,136.7,311.7,18.7,12.75,82.7,0,0
0,2014,269,2143,0,0,0,18.78,1010,1.573,17.21,53.18,0.27,2.145,0,0,0,0.043113,0,136.8,312,18.69,12.75,82.7,0,0
0,2014,269,2144,0.139059,0,0.139059,18.79,1010,1.227,38.63,80.1,0.309,1.879,0.125224,0,0.125224,0.129338,0,137,312.3,18.69,12.75,82.9,0,0
0,2014,269,2145,0,0,0,18.79,1010,1.386,75.97,98.4,0.318,2.145,0,0,0,0.215564,0,137.2,312.6,18.65,12.75,82.8,0,0
0,2014,269,2146,0.185414,0,0.185414,18.78,1010,1.306,38.54,77.26,0.388,2.412,0.166967,0,0.166967,0.172452,0,137.3,312.9,18.64,12.75,83,0,0
0,2014,269,2147,0.092707,0,0.092707,18.79,1010,1.52,92.4,48.79,0.423,2.412,0.083484,0,0.083484,0.086226,0,137.5,313.2,18.64,12.75,83,0,0
0,2014,269,2148,0.046353,0,0.046353,18.8,1010,1.56,33.51,57.45,0.287,2.145,0.041742,0,0.041742,0.086226,0,137.6,313.5,18.62,12.74,82.9,0,0
0,2014,269,2149,0.092707,0,0.092707,18.78,1010,1.28,26.28,38.28,0.346,1.879,0.083483,0,0.083483,0.129339,0,137.8,313.8,18.61,12.74,82.9,0,0
0,2014,269,2150,0.092707,0,0.092707,18.78,1010,1.067,327.6,56.14,0.23,1.613,0.083484,0,0.083484,0.086226,0,137.9,314.1,18.61,12.74,83,0,0
0,2014,269,2151,0.139061,0,0.139061,18.75,1010,1.719,84.1,28.69,0.416,2.412,0.125226,0,0.125226,0.172453,0,138.1,314.4,18.58,12.74,83,0,0
0,2014,269,2152,0.046354,0,0.046354,18.75,1010,1.306,46.9,41.78,0.193,1.613,0.041742,0,0.041742,0.086226,0,138.2,314.7,18.58,12.74,83,0,0
0,2014,269,2153,0.092708,0,0.092708,18.74,1010,1.626,57.87,51.62,0.712,2.944,0.083484,0,0.083484,0.043113,0,138.4,315,18.58,12.74,83,0,0
0,2014,269,2154,0.046354,0,0.046354,18.74,1010,1.599,31.27,26.59,0.273,2.145,0.041742,0,0.041742,0.129341,0,138.5,315.3,18.56,12.73,83.2,0,0
0,2014,269,2155,0,0,0,18.77,1010,1.759,35.51,27.15,0.259,2.145,0,0,0,0.129341,0,138.6,315.6,18.56,12.74,83.3,0,0
0,2014,269,2156,0.046354,0,0.046354,18.76,1010,1.107,32.25,42.19,0.346,1.613,0.041742,0,0.041742,0.086228,0,138.8,315.9,18.55,12.74,83.4,0,0
0,2014,269,2157,0.046354,0,0.046354,18.74,1010,0.987,85.9,73.1,0.307,1.613,0.041742,0,0.041742,0.043114,0,138.9,316.2,18.53,12.74,83.4,0,0
0,2014,269,2158,0.092708,0,0.092708,18.7,1010,0.987,210,89.1,0.242,1.613,0.083485,0,0.083485,0.129341,0,139.1,316.5,18.53,12.74,83.4,0,0
0,2014,269,2159,0.046354,0,0.046354,18.7,1010,1.173,71.31,51.53,0.256,1.613,0.041742,0,0.041742,0.086228,0,139.2,316.8,18.51,12.74,83.6,0,0
0,2014,269,2200,0.092709,0,0.092709,18.71,1010,0.934,131.3,74.66,0.331,1.613,0.083485,0,0.083485,0.043114,0,139.4,317.1,18.49,12.74,83.6,0,0
0,2014,269,2201,0.046354,0,0.046354,18.69,1010,1.493,32.91,29.36,0.399,2.678,0.041743,0,0.041743,0.043114,0,139.5,317.5,18.48,12.7,83.6,0,0
0,2014,269,2202,0.139063,0,0.139063,18.66,1010,1.413,15.24,61.46,0.236,1.879,0.125228,0,0.125228,0.086228,0,139.6,317.8,18.48,12.73,83.7,0,0
0,2014,269,2203,0,0,0,18.65,1010,1.533,1.718,44.12,0.327,2.412,0,0,0,0.129342,0,139.8,318.1,18.48,12.74,83.9,0,0
0,2014,269,2204,0,0,0,18.67,1010,0.96,356.3,72.91,0.157,1.346,0,0,0,0.086228,0,139.9,318.4,18.48,12.74,83.9,0,0
0,2014,269,2205,0.046355,0,0.046355,18.66,1010,1.12,41.68,56.4,0.211,1.613,0.041743,0,0.041743,0.043114,0,140.1,318.7,18.46,12.74,84,0,0
0,2014,269,2206,0.092710,0,0.092710,18.64,1010,1.147,10.34,42.66,0.166,1.346,0.083486,0,0.083486,0.086229,0,140.2,319.1,18.46,12.74,84.2,0,0
0,2014,269,2207,0.046355,0,0.046355,18.6,1010,1.373,15.75,25.19,0.166,1.613,0.041743,0,0.041743,0,0,140.3,319.4,18.46,12.74,84.3,0,0
0,2014,269,2208,0.092710,0,0.092710,18.57,1010,0.947,59.15,34.24,0.179,1.346,0.083486,0,0.083486,0.129344,0,140.5,319.7,18.46,12.74,84.4,0,0
0,2014,269,2209,0.092710,0,0.092710,18.55,1010,1.014,44.72,46.17,0.143,1.346,0.083486,0,0.083486,0.129344,0,140.6,320.1,18.44,12.74,84.5,0,0
0,2014,269,2210,0.046355,0,0.046355,18.54,1010,1.173,21.3,37.48,0.152,1.346,0.041743,0,0.041743,0.215573,0,140.7,320.4,18.44,12.74,84.5,0,0
0,2014,269,2211,0.092711,0,0.092711,18.53,1010,0.92,30.06,34.63,0.13,1.08,0.083487,0,0.083487,0.129344,0,140.9,320.7,18.43,12.74,84.6,0,0
0,2014,269,2212,0.046355,0,0.046355,18.51,1010,1.133,26.32,26.89,0.181,1.613,0.041744,0,0.041744,0.086230,0,141,321.1,18.43,12.74,84.6,0,0
0,2014,269,2213,0.092711,0,0.092711,18.51,1010,0.827,26.82,78.8,0.157,1.08,0.083487,0,0.083487,0,0,141.1,321.4,18.43,12.74,84.6,0,0
0,2014,269,2214,0,0,0,18.49,1010,1.014,36.53,63.56,0.236,1.346,0,0,0,0.129345,0,141.3,321.7,18.43,12.74,84.6,0,0
0,2014,269,2215,0,0,0,18.47,1010,0.88,91.4,31.43,0.304,1.346,0,0,0,0.172460,0,141.4,322.1,18.42,12.74,84.7,0,0
0,2014,269,2216,0.046356,0,0.046356,18.51,1010,1.093,79.23,49.53,0.342,1.613,0.041744,0,0.041744,0.043115,0,141.5,322.4,18.42,12.72,84.8,0,0
0,2014,269,2217,0.046356,0,0.046356,18.57,1010,0.411,89.1,23.81,0.237,0.547,0.041744,0,0.041744,0.043115,0,141.6,322.8,18.42,12.73,84.7,0,0
0,2014,269,2218,0.046356,0,0.046356,18.57,1010,0.694,92.9,16.99,0.132,0.814,0.041744,0,0.041744,0.086230,0,141.8,323.1,18.43,12.73,84.7,0,0
0,2014,269,2219,0.046356,0,0.046356,18.61,1010,0.572,66.28,46.99,0.27,0.814,0.041744,0,0.041744,0.129346,0,141.9,323.5,18.43,12.73,84.7,0,0
0,2014,269,2220,0,0,0,18.62,1010,0.907,51.5,15.84,0.227,1.346,0,0,0,0.043115,0,142,323.8,18.43,12.73,84.6,0,0
0,2014,269,2221,0,0,0,18.63,1010,0.934,45.75,10.69,0.157,1.346,0,0,0,0.129346,0,142.1,324.2,18.43,12.73,84.6,0,0
0,2014,269,2222,0.139068,0,0.139068,18.65,1010,0.732,78.73,23.6,0.32,1.346,0.125232,0,0.125232,0.086231,0,142.3,324.5,18.43,12.73,84.7,0,0
0,2014,269,2223,0.092712,0,0.092712,18.66,1010,1.133,47.54,16.62,0.418,1.879,0.083488,0,0.083488,0,0,142.4,324.9,18.46,12.73,84.7,0,0
0,2014,269,2224,0.046356,0,0.046356,18.72,1010,1.666,61.42,23.09,0.232,2.145,0.041744,0,0.041744,0.172461,0,142.5,325.3,18.46,12.73,84.8,0,0
0,2014,269,2225,0,0,0,18.75,1010,1.4,55.88,32.48,0.299,2.145,0,0,0,0.043115,0,142.6,325.6,18.48,12.73,84.5,0,0
0,2014,269,2226,0.092712,0,0.092712,18.79,1010,1.773,69.92,16.34,0.38,2.412,0.083488,0,0.083488,0.129346,0,142.7,326,18.49,12.73,84.4,0,0
0,2014,269,2227,0,0,0,18.84,1010,1.932,50.16,21.31,0.274,2.412,0,0,0,0.086231,0,142.8,326.4,18.51,12.73,84.2,0,0
0,2014,269,2228,0.092712,0,0.092712,18.87,1010,1.4,56.37,41.61,0.287,1.879,0.083488,0,0.083488,0.086231,0,143,326.7,18.51,12.73,84.1,0,0
0,2014,269,2229,0.046356,0,0.046356,18.9,1010,1.546,38.88,14.06,0.186,1.879,0.041744,0,0.041744,0.086231,0,143.1,327.1,18.52,12.73,84,0,0
0,2014,269,2230,0.092712,0,0.092712,18.92,1010,1.679,32.92,19.52,0.314,2.145,0.083488,0,0.083488,0.172462,0,143.2,327.5,18.53,12.73,84,0,0
0,2014,269,2231,0.046356,0,0.046356,18.96,1010,1.52,41.08,26.18,0.283,1.879,0.041744,0,0.041744,0.086231,0,143.3,327.8,18.55,12.7,84,0,0
0,2014,269,2232,0.092712,0,0.092712,18.97,1010,1.067,41.94,36.01,0.259,1.613,0.083488,0,0.083488,0.172462,0,143.4,328.2,18.58,12.72,84,0,0
0,2014,269,2233,0.046356,0,0.046356,18.98,1010,1.426,76.28,39.42,0.293,1.879,0.041744,0,0.041744,0.086231,0,143.5,328.6,18.61,12.73,84,0,0
0,2014,269,2234,0.092712,0,0.092712,18.97,1010,0.92,86.1,39.51,0.155,1.346,0.083488,0,0.083488,0.086231,0,143.6,329,18.61,12.73,84.1,0,0
0,2014,269,2235,0,0,0,18.96,1010,0.88,5.999,31.25,0.186,1.346,0,0,0,0.129347,0,143.7,329.4,18.64,12.72,84,0,0
0,2014,269,2236,0,0,0,18.96,1010,1.626,60.74,32.97,0.522,2.412,0,0,0,0.086231,0,143.8,329.7,18.65,12.73,84.1,0,0
0,2014,269,2237,0.046356,0,0.046356,18.96,1010,1.52,41.62,27.64,0.227,2.145,0.041744,0,0.041744,0.043116,0,143.9,330.1,18.66,12.73,84,0,0
0,2014,269,2238,0.092712,0,0.092712,18.98,1010,1.773,39.31,18.71,0.272,2.412,0.083488,0,0.083488,0.086231,0,144,330.5,18.67,12.73,83.9,0,0
0,2014,269,2239,0,0,0,18.96,1010,1.506,60.66,41.92,0.351,2.145,0,0,0,0.086230,0,144.1,330.9,18.69,12.73,84,0,0
0,2014,269,2240,0.046356,0,0.046356,18.96,1010,1.48,38.06,53.28,0.495,2.678,0.041744,0,0.041744,0.086230,0,144.2,331.3,18.71,12.73,84,0,0
0,2014,269,2241,0.139067,0,0.139067,18.95,1010,1.919,56.07,18.52,0.295,2.412,0.125231,0,0.125231,0.086230,0,144.3,331.7,18.73,12.73,83.9,0,0
0,2014,269,2242,0,0,0,18.93,1010,1.666,61.3,21.49,0.232,1.879,0,0,0,0.086230,0,144.4,332.1,18.74,12.73,83.7,0,0
0,2014,269,2243,0.092711,0,0.092711,18.94,1010,1.959,70.15,13.94,0.438,2.944,0.083487,0,0.083487,0.129345,0,144.5,332.5,18.77,12.72,83.7,0,0
0,2014,269,2244,0.092711,0,0.092711,18.94,1010,1.48,52.06,21.49,0.231,1.879,0.083487,0,0.083487,0.086230,0,144.6,332.9,18.77,12.73,83.6,0,0
0,2014,269,2245,0,0,0,18.98,1010,1.466,37.91,22.93,0.157,1.879,0,0,0,0.258690,0,144.7,333.3,18.79,12.73,83.8,0,0
0,2014,269,2246,0,0,0,19,1010,1.813,67.82,15.12,0.278,2.145,0,0,0,0.258688,0,144.8,333.7,18.82,12.73,83.8,0,0
0,2014,269,2247,0.185421,0,0.185421,19,1010,1.693,45.69,24.97,0.224,2.145,0.166973,0,0.166973,0.129344,0,144.9,334.1,18.82,12.73,83.7,0,0
0,2014,269,2248,0.139065,0,0.139065,19.03,1010,1.813,45.67,16.69,0.236,2.412,0.125230,0,0.125230,0.086229,0,145,334.5,18.84,12.73,83.7,0,0
0,2014,269,2249,0.046355,0,0.046355,19.02,1010,1.719,50.47,19.2,0.341,2.145,0.041743,0,0.041743,0.129344,0,145.1,334.9,18.87,12.73,83.5,0,0
0,2014,269,2250,0,0,0,19.03,1010,1.679,69.51,57.23,0.166,1.879,0,0,0,0.129344,0,145.2,335.3,18.87,12.73,83.5,0,0
0,2014,269,2251,0,0,0,19.03,1010,2.145,52.09,12.12,0.266,2.944,0,0,0,0.129344,0,145.3,335.7,18.89,12.72,83.4,0,0
0,2014,269,2252,0,0,0,19.03,1010,1.599,51.91,32.66,0.362,2.145,0,0,0,0.043114,0,145.3,336.1,18.91,12.72,83.4,0,0
0,2014,269,2253,0,0,0,19.04,1010,1.626,54.73,25.17,0.592,2.678,0,0,0,0.3018,0,145.4,336.6,18.92,12.72,83.4,0,0
0,2014,269,2254,0.092709,0,0.092709,19.05,1010,1.773,51.3,22.08,0.399,2.412,0.083485,0,0.083485,0.043114,0,145.5,337,18.92,12.72,83.3,0,0
0,2014,269,2255,0.092708,0,0.092708,19.06,1010,1.253,60.33,48.07,0.193,1.613,0.083485,0,0.083485,0.043114,0,145.6,337.4,18.95,12.71,83.4,0,0
0,2014,269,2256,0.092708,0,0.092708,19.08,1010,1.267,25.57,14.1,0.19,1.613,0.083485,0,0.083485,0.129341,0,145.7,337.8,18.97,12.72,83.4,0,0
0,2014,269,2257,0.092708,0,0.092708,19.07,1010,1.24,40.22,35.48,0.177,1.613,0.083484,0,0.083484,0.086227,0,145.8,338.2,18.97,12.72,83.5,0,0
0,2014,269,2258,0,0,0,19.08,1010,1.932,28.93,18.15,0.516,2.944,0,0,0,0.129340,0,145.8,338.7,19,12.72,83.5,0,0
0,2014,269,2259,0.046354,0,0.046354,19.08,1010,1.706,57.38,34.35,0.406,2.412,0.041742,0,0.041742,0.086226,0,145.9,339.1,19,12.72,83.5,0,0
0,2014,269,2300,0.046354,0,0.046354,19.07,1010,1.999,35.03,10.84,0.214,2.412,0.041742,0,0.041742,0.086227,0,146,339.5,19.02,12.72,83.5,0,0
0,2014,269,2301,0.185415,0,0.185415,19.07,1010,2.438,39.11,12.47,0.186,2.678,0.166968,0,0.166968,0.086227,0,146,339.9,19.02,12.7,83.7,0,0
0,2014,269,2302,0.092708,0,0.092708,19.09,1010,2.159,27.38,13.4,0.178,2.412,0.083484,0,0.083484,0.086227,0,146.1,340.4,19.02,12.71,83.9,0,0
0,2014,269,2303,0,0,0,19.07,1010,1.879,28.97,18.86,0.357,2.412,0,0,0,0.086226,0,146.2,340.8,19.05,12.72,84,0,0
0,2014,269,2304,0,0,0,19.05,1010,1.586,39.28,16.33,0.186,1.879,0,0,0,0.129340,0,146.3,341.2,19.05,12.72,84,0,0
0,2014,269,2305,0.046354,0,0.046354,19.03,1010,2.398,57.74,20.83,0.352,3.211,0.041742,0,0.041742,0.215566,0,146.3,341.7,19.08,12.72,83.9,0,0
0,2014,269,2306,0,0,0,18.99,1010,2.625,68.73,12.39,0.287,3.211,0,0,0,0.129339,0,146.4,342.1,19.08,12.72,83.8,0,0
0,2014,269,2307,0.092707,0,0.092707,18.97,1010,1.972,40.45,17.11,0.227,2.412,0.083483,0,0.083483,0.172452,0,146.4,342.5,19.08,12.72,83.6,0,0
0,2014,269,2308,0,0,0,18.97,1010,1.386,27.79,57.72,0.379,2.145,0,0,0,0,0,146.5,343,19.1,12.72,83.7,0,0
0,2014,269,2309,0.046353,0,0.046353,18.95,1010,1.4,18.53,34.16,0.136,1.613,0.041741,0,0.041741,0.172452,0,146.6,343.4,19.1,12.72,83.8,0,0
0,2014,269,2310,0.046353,0,0.046353,18.93,1010,1.293,11.42,45.92,0.261,1.879,0.041741,0,0.041741,0.301790,0,146.6,343.9,19.1,12.72,83.9,0,0
0,2014,269,2311,0,0,0,18.9,1010,1.999,50.74,39.04,0.273,2.678,0,0,0,0.086226,0,146.7,344.3,19.1,12.72,83.9,0,0
0,2014,269,2312,0.046353,0,0.046353,18.87,1010,2.638,28.05,11.51,0.493,3.477,0.041742,0,0.041742,0.301790,0,146.7,344.7,19.1,12.72,84.1,0,0
0,2014,269,2313,0.046353,0,0.046353,18.86,1010,1.946,30.78,28.33,0.445,2.678,0.041742,0,0.041742,0.086226,0,146.8,345.2,19.1,12.72,84.2,0,0
0,2014,269,2314,0.046353,0,0.046353,18.84,1010,2.425,41.84,18.4,0.259,2.678,0.041742,0,0.041742,0.258678,0,146.8,345.6,19.1,12.72,84.2,0,0
0,2014,269,2315,0.046354,0,0.046354,18.83,1010,1.852,73.63,27.86,0.336,2.412,0.041742,0,0.041742,0.086226,0,146.9,346.1,19.1,12.72,84.3,0,0
0,2014,269,2316,0.092707,0,0.092707,18.82,1010,1.599,34.23,21.37,0.23,1.879,0.083484,0,0.083484,0.129340,0,146.9,346.5,19.1,12.71,84.3,0,0
0,2014,269,2317,0.092707,0,0.092707,18.81,1010,1.892,23.3,19.08,0.32,2.145,0.083484,0,0.083484,0.086226,0,147,347,19.1,12.72,84.4,0,0
0,2014,269,2318,0.092707,0,0.092707,18.8,1010,1.693,60.51,36.07,0.281,2.145,0.083484,0,0.083484,0.043113,0,147,347.4,19.08,12.71,84.4,0,0
0,2014,269,2319,0.046354,0,0.046354,18.77,1010,1.466,28.65,22.19,0.297,2.145,0.041742,0,0.041742,0.086227,0,147.1,347.9,19.08,12.71,84.6,0,0
0,2014,269,2320,0.046354,0,0.046354,18.75,1010,1.533,30.43,19.96,0.268,1.879,0.041742,0,0.041742,0.172454,0,147.1,348.3,19.06,12.71,84.6,0,0
0,2014,269,2321,0.046354,0,0.046354,18.72,1010,1.426,15.91,31.82,0.281,2.145,0.041742,0,0.041742,0.129340,0,147.2,348.8,19.05,12.71,84.8,0,0
0,2014,269,2322,0,0,0,18.71,1010,1.067,41.66,41.19,0.32,1.613,0,0,0,0.215568,0,147.2,349.2,19.04,12.71,84.9,0,0
0,2014,269,2323,0.046354,0,0.046354,18.7,1010,0.867,40.51,53.67,0.16,1.346,0.041742,0,0.041742,0.043114,0,147.3,349.7,19.02,12.71,85.1,0,0
0,2014,269,2324,0.092709,0,0.092709,18.68,1010,0.987,83.4,40.26,0.307,1.346,0.083485,0,0.083485,0.129342,0,147.3,350.2,19.01,12.71,85.2,0,0
0,2014,269,2325,0,0,0,18.63,1010,1.599,70.22,33.17,0.362,2.412,0,0,0,0.172456,0,147.3,350.6,19,12.71,85.2,0,0
0,2014,269,2326,0,0,0,18.61,1010,1.386,50.34,30.34,0.256,2.145,0,0,0,0.086228,0,147.4,351.1,18.97,12.71,85.3,0,0
0,2014,269,2327,0,0,0,18.6,1010,1.067,33.07,56.81,0.381,1.879,0,0,0,0.172455,0,147.4,351.5,18.96,12.71,85.3,0,0
0,2014,269,2328,0,0,0,18.59,1010,1.014,71.74,53.27,0.314,1.613,0,0,0,0.043114,0,147.4,352,18.93,12.71,85.3,0,0
0,2014,269,2329,0.046354,0,0.046354,18.56,1010,0.787,26.87,20.64,0.116,1.08,0.041743,0,0.041743,0.129342,0,147.4,352.5,18.92,12.71,85.3,0,0
0,2014,269,2330,0,0,0,18.55,1010,1.093,58.9,40.74,0.214,1.346,0,0,0,0.301798,0,147.5,352.9,18.91,12.71,85.4,0,0
0,2014,269,2331,0,0,0,18.51,1010,1.213,52.63,28.75,0.158,1.613,0,0,0,0.043114,0,147.5,353.4,18.88,12.68,85.5,0,0
0,2014,269,2332,0.046354,0,0.046354,18.49,1010,0.761,31.15,24.06,0.136,1.08,0.041743,0,0.041743,0.172456,0,147.5,353.8,18.87,12.7,85.6,0,0
0,2014,269,2333,0,0,0,18.47,1010,0.96,74.3,57.15,0.427,1.613,0,0,0,0.172455,0,147.5,354.3,18.8,12.7,85.7,0,0
0,2014,269,2334,0.046354,0,0.046354,18.5,1010,0.934,48.17,51.12,0.157,1.346,0.041742,0,0.041742,0.086227,0,147.6,354.8,18.79,12.7,86,0,0
0,2014,269,2335,0.046354,0,0.046354,18.49,1010,1.067,49.59,28.44,0.259,1.346,0.041742,0,0.041742,0.086227,0,147.6,355.2,18.78,12.71,86,0,0
0,2014,269,2336,0,0,0,18.49,1010,1.386,85,21.3,0.174,1.613,0,0,0,0,0,147.6,355.7,18.74,12.71,86.1,0,0
0,2014,269,2337,0.092708,0,0.092708,18.5,1010,0.934,61.5,35.62,0.273,1.613,0.083484,0,0.083484,0.086227,0,147.6,356.2,18.73,12.71,86.2,0,0
0,2014,269,2338,0.046354,0,0.046354,18.49,1010,0.854,55.51,32.04,0.095,1.08,0.041742,0,0.041742,0.172454,0,147.6,356.6,18.7,12.7,86.1,0,0
0,2014,269,2339,0.046354,0,0.046354,18.47,1010,1.08,128.6,63.37,0.304,1.613,0.041742,0,0.041742,0.086227,0,147.6,357.1,18.69,12.71,86.2,0,0
0,2014,269,2340,0,0,0,18.46,1010,1.213,104.6,38.01,0.273,1.879,0,0,0,0.086227,0,147.6,357.6,18.66,12.71,86.3,0,0
0,2014,269,2341,0.046354,0,0.046354,18.44,1010,1.28,74.1,22.43,0.278,1.613,0.041742,0,0.041742,0.172454,0,147.7,358,18.64,12.71,86.2,0,0
0,2014,269,2342,0,0,0,18.43,1010,1.093,64.66,24.07,0.178,1.346,0,0,0,0.172454,0,147.7,358.5,18.62,12.7,86.3,0,0
0,2014,269,2343,0.046354,0,0.046354,18.42,1010,0.907,74.01,27.69,0.227,1.346,0.041742,0,0.041742,0.086227,0,147.7,359,18.6,12.71,86.5,0,0
0,2014,269,2344,0,0,0,18.43,1010,1.36,60.17,9.53,0.157,1.613,0,0,0,0.129341,0,147.7,359.4,18.58,12.71,86.4,0,0
0,2014,269,2345,0.046354,0,0.046354,18.43,1010,1.053,53.61,20,0.166,1.346,0.041742,0,0.041742,0.043114,0,147.7,341.9,18.56,12.71,86.4,0,0
0,2014,269,2346,0.046354,0,0.046354,18.44,1010,0.974,57.93,26.75,0.13,1.08,0.041742,0,0.041742,0.043114,0,147.7,0.374,18.53,12.71,86.4,0,0
0,2014,269,2347,0,0,0,18.43,1010,0.491,54.36,27.51,0.266,0.814,0,0,0,0.086227,0,147.7,0.842,18.52,12.71,86.4,0,0
0,2014,269,2348,0.092709,0,0.092709,18.44,1010,0.627,36.23,27.01,0.21,1.08,0.083485,0,0.083485,0.086228,0,147.7,1.309,18.48,12.7,86.4,0,0
0,2014,269,2349,0.046355,0,0.046355,18.39,1010,0.055,25.15,2.541,0.164,0.547,0.041743,0,0.041743,0.129342,0,147.7,1.776,18.48,12.71,86.3,0,0
0,2014,269,2350,0,0,0,18.37,1010,0.274,61.34,59.11,0.274,0.547,0,0,0,0.086228,0,147.7,2.243,18.44,12.7,86.4,0,0
0,2014,269,2351,0.046355,0,0.046355,18.35,1010,0.851,63.2,34.5,0.461,1.346,0.041743,0,0.041743,0.129343,0,147.6,2.71,18.43,12.7,86.5,0,0
0,2014,269,2352,0.092710,0,0.092710,18.35,1010,0.8,67.84,43.52,0.178,1.08,0.083486,0,0.083486,0.129343,0,147.6,3.177,18.4,12.7,86.5,0,0
0,2014,269,2353,0.046355,0,0.046355,18.32,1010,0.706,72.01,31.91,0.231,1.08,0.041743,0,0.041743,0.043115,0,147.6,3.643,18.38,12.7,86.5,0,0
0,2014,269,2354,0.092710,0,0.092710,18.3,1010,0.449,73.04,26.93,0.357,1.08,0.083486,0,0.083486,0,0,147.6,4.109,18.37,12.7,86.6,0,0
0,2014,269,2355,0,0,0,18.29,1010,0.055,128.5,6.182,0.164,0.547,0,0,0,0.086229,0,147.6,4.575,18.34,12.7,86.6,0,0
0,2014,269,2356,0.092710,0,0.092710,18.25,1010,0,0,0,0,0,0.083487,0,0.083487,0.129344,0,147.6,5.04,18.33,12.7,86.6,0,0
0,2014,269,2357,0,0,0,18.22,1010,0,0,0,0,0,0,0,0,0.129344,0,147.6,5.505,18.3,12.7,86.6,0,0
0,2014,269,2358,0.046355,0,0.046355,18.17,1010,0,0,0,0,0,0.041744,0,0.041744,0.086230,0,147.5,5.969,18.28,12.7,86.6,0,0
0,2014,269,2359,0.046355,0,0.046355,18.17,1010,0,0,0,0,0,0.041744,0,0.041744,0.129345,0,147.5,6.432,18.26,12.7,86.8,0,0
